t_capture,t_command,latency_ms,signal_age_ms
1788210574.856171,1788210574.858168,1.997,0.933
1788210574.864683,1788210574.865683,1.000,0.954
1788210574.872706,1788210574.873689,0.983,0.411
1788210574.881119,1788210574.882120,1.000,0.269
1788210574.889120,1788210574.890119,0.999,0.224
1788210574.889120,1788210574.898119,8.999,8.244
1788210574.901125,1788210574.906119,4.994,4.214
1788210574.906119,1788210574.914134,8.015,7.011
1788210574.916219,1788210574.922135,5.917,5.112
1788210574.923140,1788210574.929756,6.616,6.319
1788210574.931762,1788210574.937755,5.993,5.933
1788210574.939759,1788210574.945756,5.997,5.482
1788210574.948387,1788210574.954392,6.005,5.289
1788210574.956394,1788210574.961815,5.421,5.103
1788210574.964761,1788210574.969756,4.995,4.811
1788210574.972767,1788210574.978273,5.507,4.437
1788210574.981275,1788210574.986272,4.997,4.027
1788210574.989277,1788210574.994280,5.003,4.014
1788210574.998285,1788210575.002362,4.077,2.940
1788210575.007285,1788210575.009860,2.575,2.729
1788210575.014868,1788210575.017872,3.003,2.437
1788210575.023873,1788210575.026481,2.608,1.851
1788210575.031476,1788210575.034476,2.999,1.690
1788210575.041476,1788210575.042475,1.000,0.319
1788210575.048477,1788210575.050477,2.000,1.389
1788210575.057480,1788210575.058480,0.999,0.108
1788210575.064495,1788210575.066573,2.078,0.859
1788210575.073489,1788210575.074486,0.997,0.346
1788210575.081099,1788210575.082102,1.003,0.520
1788210575.089101,1788210575.090101,1.000,0.300
1788210575.097098,1788210575.098099,1.001,0.385
1788210575.103098,1788210575.106098,2.999,2.754
1788210575.107103,1788210575.114130,7.027,6.883
1788210575.119116,1788210575.122116,3.000,2.655
1788210575.123117,1788210575.131164,8.047,6.722
1788210575.136163,1788210575.139163,3.000,2.122
1788210575.140240,1788210575.147166,6.927,5.533
1788210575.149166,1788210575.155169,6.003,4.897
1788210575.157166,1788210575.162748,5.583,5.033
1788210575.164754,1788210575.170833,6.079,4.855
1788210575.173753,1788210575.178748,4.995,4.775
1788210575.181756,1788210575.186751,4.995,4.153
1788210575.194751,1788210575.194751,0.000,0.053
1788210575.198750,1788210575.202747,3.997,3.709
1788210575.209748,1788210575.210746,0.998,0.166
1788210575.214759,1788210575.218758,3.999,3.371
1788210575.226257,1788210575.227263,1.006,0.195
1788210575.232269,1788210575.235479,3.210,2.092
1788210575.240586,1788210575.242485,1.899,1.622
1788210575.247884,1788210575.250949,3.065,2.636
1788210575.256902,1788210575.259208,2.306,1.696
1788210575.265068,1788210575.266856,1.788,1.561
1788210575.273113,1788210575.274842,1.729,1.300
1788210575.281439,1788210575.282507,1.068,1.119
1788210575.289417,1788210575.290416,0.999,0.688
1788210575.297520,1788210575.298531,1.012,0.585
1788210575.306530,1788210575.307531,1.001,0.120
1788210575.306530,1788210575.314836,8.306,7.501
1788210575.316919,1788210575.322833,5.914,5.604
1788210575.323836,1788210575.331067,7.231,7.168
1788210575.332760,1788210575.338861,6.101,5.803
1788210575.341778,1788210575.346859,5.081,5.206
1788210575.348777,1788210575.354865,6.088,5.907
1788210575.356871,1788210575.363867,6.997,5.316
1788210575.364869,1788210575.371537,6.668,5.287
1788210575.373626,1788210575.379504,5.878,4.844
1788210575.381508,1788210575.387504,5.997,4.811
1788210575.389993,1788210575.394993,4.999,4.777
1788210575.398992,1788210575.402992,4.000,3.759
1788210575.409991,1788210575.411035,1.044,1.126
1788210575.415050,1788210575.419045,3.995,3.619
1788210575.424046,1788210575.427640,3.595,2.834
1788210575.431643,1788210575.435643,4.000,3.326
1788210575.439647,1788210575.443641,3.994,2.920
1788210575.448651,1788210575.451727,3.076,1.865
1788210575.456643,1788210575.459640,2.997,2.204
1788210575.464645,1788210575.467650,3.006,2.083
1788210575.472744,1788210575.475649,2.906,1.972
1788210575.481400,1788210575.483340,1.940,1.414
1788210575.490339,1788210575.491337,0.999,1.108
1788210575.498340,1788210575.499422,1.082,1.026
1788210575.506429,1788210575.507355,0.926,0.208
1788210575.514422,1788210575.515347,0.924,0.198
1788210575.523347,1788210575.523347,0.000,0.186
1788210575.530879,1788210575.531880,1.000,0.018
1788210575.532887,1788210575.539881,6.994,5.858
1788210575.539881,1788210575.547884,8.003,7.118
1788210575.548883,1788210575.555947,7.064,5.655
1788210575.556948,1788210575.563946,6.998,6.112
1788210575.564946,1788210575.571946,7.000,5.840
1788210575.572947,1788210575.579948,7.000,5.693
1788210575.581951,1788210575.587948,5.997,5.080
1788210575.590951,1788210575.595947,4.996,4.566
1788210575.598952,1788210575.603947,4.995,4.565
1788210575.606668,1788210575.612165,5.498,3.995
1788210575.615830,1788210575.619835,4.005,3.418
1788210575.622842,1788210575.627506,4.664,4.043
1788210575.631510,1788210575.635506,3.996,3.292
1788210575.642608,1788210575.643509,0.901,0.595
1788210575.648513,1788210575.651590,3.077,2.611
1788210575.659512,1788210575.660513,1.001,0.027
1788210575.664599,1788210575.667624,3.025,2.308
1788210575.673622,1788210575.675727,2.105,1.717
1788210575.681252,1788210575.683309,2.057,1.762
1788210575.689294,1788210575.692332,3.038,1.986
1788210575.698247,1788210575.700334,2.087,1.429
1788210575.706246,1788210575.708253,2.007,1.184
1788210575.715266,1788210575.716263,0.996,0.099
1788210575.723262,1788210575.724260,0.998,0.708
1788210575.731001,1788210575.731988,0.987,0.567
1788210575.735065,1788210575.739985,4.920,4.278
1788210575.739985,1788210575.747986,8.001,7.370
1788210575.751075,1788210575.756080,5.005,4.257
1788210575.756080,1788210575.763985,7.905,7.320
1788210575.767988,1788210575.772074,4.086,4.001
1788210575.773985,1788210575.780068,6.083,5.986
1788210575.783062,1788210575.788092,5.030,4.203
1788210575.789986,1788210575.796061,6.074,5.487
1788210575.798986,1788210575.804070,5.085,4.815
1788210575.806986,1788210575.812069,5.083,4.903
1788210575.815081,1788210575.820172,5.091,5.100
1788210575.823116,1788210575.828477,5.360,4.105
1788210575.832388,1788210575.836474,4.086,3.748
1788210575.839479,1788210575.844460,4.980,4.107
1788210575.848386,1788210575.852468,4.082,3.706
1788210575.856386,1788210575.860465,4.079,3.165
1788210575.865387,1788210575.868394,3.006,2.598
1788210575.873395,1788210575.876485,3.089,2.508
1788210575.882016,1788210575.885038,3.022,2.024
1788210575.890009,1788210575.893095,3.086,2.196
1788210575.899016,1788210575.901103,2.087,0.659
1788210575.907015,1788210575.909094,2.079,1.100
1788210575.915033,1788210575.917026,1.993,0.298
1788210575.924031,1788210575.925030,0.999,0.050
1788210575.931654,1788210575.932737,1.083,0.748
1788210575.931654,1788210575.940658,9.004,8.823
1788210575.948652,1788210575.948652,0.000,0.026
1788210575.955738,1788210575.956656,0.919,0.697
1788210575.956656,1788210575.964661,8.004,7.299
1788210575.971058,1788210575.972966,1.909,1.310
1788210575.972966,1788210575.980969,8.003,7.176
1788210575.987972,1788210575.988969,0.997,0.219
1788210575.990051,1788210575.997074,7.024,6.222
1788210576.004180,1788210576.005075,0.895,0.729
1788210576.007082,1788210576.012731,5.649,4.778
1788210576.018747,1788210576.020741,1.994,1.363
1788210576.023432,1788210576.028991,5.559,5.093
1788210576.034871,1788210576.037373,2.502,2.279
1788210576.039868,1788210576.045256,5.388,5.091
1788210576.050067,1788210576.053580,3.513,2.516
1788210576.057579,1788210576.060582,3.003,3.453
1788210576.066190,1788210576.069251,3.061,2.942
1788210576.072252,1788210576.076778,4.526,3.728
1788210576.081904,1788210576.084919,3.015,3.251
1788210576.089916,1788210576.093916,4.000,2.496
1788210576.098421,1788210576.101426,3.005,2.835
1788210576.106425,1788210576.109713,3.288,2.419
1788210576.114947,1788210576.117180,2.234,1.922
1788210576.123177,1788210576.125178,2.000,1.581
1788210576.131145,1788210576.133146,2.000,1.346
1788210576.139257,1788210576.140742,1.485,0.984
1788210576.148094,1788210576.149498,1.404,0.703
1788210576.156513,1788210576.157515,1.002,0.461
1788210576.157515,1788210576.165509,7.994,7.292
1788210576.165509,1788210576.173513,8.005,7.408
1788210576.173513,1788210576.181595,8.082,7.358
1788210576.188600,1788210576.189602,1.002,0.322
1788210576.190610,1788210576.197598,6.987,6.920
1788210576.204594,1788210576.205613,1.019,0.170
1788210576.206599,1788210576.213715,7.116,6.060
1788210576.218637,1788210576.221716,3.079,2.301
1788210576.223717,1788210576.230325,6.607,5.725
1788210576.233415,1788210576.238326,4.910,3.445
1788210576.240399,1788210576.246335,5.936,4.776
1788210576.249413,1788210576.254335,4.922,3.436
1788210576.256421,1788210576.262013,5.592,4.423
1788210576.265526,1788210576.269617,4.090,3.655
1788210576.272628,1788210576.277535,4.908,4.473
1788210576.282130,1788210576.285801,3.672,3.157
1788210576.289881,1788210576.293801,3.920,3.278
1788210576.298931,1788210576.301927,2.996,2.607
1788210576.305980,1788210576.309928,3.948,3.006
1788210576.314715,1788210576.317634,2.919,2.557
1788210576.322733,1788210576.325634,2.902,2.443
1788210576.331414,1788210576.334351,2.937,2.175
1788210576.340354,1788210576.342351,1.997,1.516
1788210576.347449,1788210576.350348,2.899,1.779
1788210576.356437,1788210576.358448,2.011,0.539
1788210576.365447,1788210576.366446,1.000,0.428
1788210576.372118,1788210576.373947,1.828,0.153
1788210576.375022,1788210576.381973,6.950,6.419
1788210576.381973,1788210576.390480,8.508,7.407
1788210576.390480,1788210576.398200,7.719,7.280
1788210576.398200,1788210576.406200,8.000,7.078
1788210576.407204,1788210576.414390,7.186,6.763
1788210576.421296,1788210576.422304,1.008,0.174
1788210576.423382,1788210576.430832,7.450,5.957
1788210576.431827,1788210576.437834,6.007,6.337
1788210576.440171,1788210576.446624,6.454,5.555
1788210576.452680,1788210576.454188,1.508,1.033
1788210576.457455,1788210576.462453,4.998,4.555
1788210576.467988,1788210576.471142,3.154,1.423
1788210576.474059,1788210576.478394,4.334,3.884
1788210576.483830,1788210576.486169,2.339,2.191
1788210576.489582,1788210576.494090,4.508,3.729
1788210576.499084,1788210576.502812,3.727,2.728
1788210576.506817,1788210576.510302,3.485,3.148
1788210576.515323,1788210576.518328,3.005,3.011
1788210576.523322,1788210576.526329,3.008,2.725
1788210576.531847,1788210576.534854,3.007,2.443
1788210576.539854,1788210576.542855,3.001,1.905
1788210576.548849,1788210576.550849,2.000,1.064
1788210576.557205,1788210576.558207,1.002,1.111
1788210576.565203,1788210576.566210,1.007,0.919
1788210576.574204,1788210576.575207,1.003,0.143
1788210576.582204,1788210576.583206,1.003,0.107
1788210576.590212,1788210576.591206,0.994,0.048
1788210576.594259,1788210576.599309,5.050,4.010
1788210576.598315,1788210576.607307,8.992,7.315
1788210576.609352,1788210576.615087,5.735,4.556
1788210576.615087,1788210576.623051,7.965,6.932
1788210576.625120,1788210576.630733,5.613,4.917
1788210576.631817,1788210576.638812,6.996,6.835
1788210576.640846,1788210576.646807,5.961,5.143
1788210576.648728,1788210576.654732,6.004,5.820
1788210576.657765,1788210576.662833,5.068,4.705
1788210576.665827,1788210576.670916,5.089,5.062
1788210576.672841,1788210576.678924,6.083,5.090
1788210576.681914,1788210576.687187,5.274,4.099
1788210576.690187,1788210576.695187,5.001,4.595
1788210576.701286,1788210576.702973,1.687,1.018
1788210576.706263,1788210576.711189,4.926,3.666
1788210576.716905,1788210576.718979,2.074,1.267
1788210576.724010,1788210576.727005,2.994,2.621
1788210576.733616,1788210576.734690,1.074,1.297
1788210576.740725,1788210576.742698,1.973,2.226
1788210576.749620,1788210576.751615,1.995,1.308
1788210576.756702,1788210576.759621,2.919,1.528
1788210576.764701,1788210576.767696,2.995,1.688
1788210576.773702,1788210576.775617,1.915,0.607
1788210576.781697,1788210576.783617,1.920,0.988
1788210576.789726,1788210576.790612,0.885,0.996
1788210576.798711,1788210576.799721,1.010,0.148
1788210576.806622,1788210576.807631,1.009,0.039
1788210576.808702,1788210576.815716,7.014,5.686
1788210576.815716,1788210576.823789,8.074,7.446
1788210576.823789,1788210576.831034,7.245,6.636
1788210576.831034,1788210576.839118,8.083,7.539
1788210576.840036,1788210576.847045,7.008,6.401
1788210576.848148,1788210576.855031,6.884,6.345
1788210576.857077,1788210576.863074,5.997,6.202
1788210576.865082,1788210576.871034,5.952,5.740
1788210576.873132,1788210576.879043,5.911,5.698
1788210576.886368,1788210576.887388,1.020,0.255
1788210576.890462,1788210576.895394,4.932,4.599
1788210576.901461,1788210576.903380,1.919,1.277
1788210576.906467,1788210576.911387,4.920,4.077
1788210576.918494,1788210576.919494,1.000,0.795
1788210576.918494,1788210576.927496,9.002,8.818
1788210576.934300,1788210576.935210,0.909,1.250
1788210576.940001,1788210576.943918,3.917,2.671
1788210576.949930,1788210576.951918,1.987,1.286
1788210576.957012,1788210576.959918,2.906,2.356
1788210576.966035,1788210576.967921,1.886,1.434
1788210576.973030,1788210576.975925,2.895,1.699
1788210576.981925,1788210576.983919,1.994,1.176
1788210576.989997,1788210576.991923,1.926,1.345
1788210576.998112,1788210577.000033,1.921,0.732
1788210577.007034,1788210577.007034,0.000,0.323
1788210577.015208,1788210577.016214,1.006,0.236
1788210577.023213,1788210577.023213,0.000,0.442
1788210577.028228,1788210577.032271,4.043,2.875
1788210577.039495,1788210577.039495,0.000,0.039
1788210577.043492,1788210577.047494,4.002,3.776
1788210577.048490,1788210577.055983,7.493,7.545
1788210577.058995,1788210577.064015,5.020,4.485
1788210577.065014,1788210577.072030,7.015,6.994
1788210577.074028,1788210577.080035,6.006,5.607
1788210577.082035,1788210577.088276,6.242,5.594
1788210577.090295,1788210577.096290,5.995,4.864
1788210577.098297,1788210577.104289,5.993,4.978
1788210577.107406,1788210577.112308,4.903,4.627
1788210577.119393,1788210577.120311,0.918,0.056
1788210577.123393,1788210577.128305,4.912,4.001
1788210577.132155,1788210577.136118,3.963,3.956
1788210577.140121,1788210577.144222,4.101,3.335
1788210577.151128,1788210577.152683,1.555,0.268
1788210577.156671,1788210577.160583,3.913,3.048
1788210577.167588,1788210577.168585,0.997,1.101
1788210577.173670,1788210577.176585,2.915,2.501
1788210577.183588,1788210577.184585,0.997,0.564
1788210577.189667,1788210577.192588,2.921,2.096
1788210577.198691,1788210577.200585,1.894,1.395
1788210577.206592,1788210577.208673,2.081,1.669
1788210577.215589,1788210577.216686,1.097,1.023
1788210577.223717,1788210577.224598,0.881,0.507
1788210577.232129,1788210577.233130,1.001,0.200
1788210577.240126,1788210577.241130,1.004,0.045
1788210577.248232,1788210577.249238,1.006,0.036
1788210577.248232,1788210577.257282,9.049,7.580
1788210577.261241,1788210577.264539,3.298,2.407
1788210577.267262,1788210577.273275,6.013,4.768
1788210577.277358,1788210577.281270,3.913,3.072
1788210577.281270,1788210577.289267,7.997,6.997
1788210577.293280,1788210577.296540,3.260,2.580
1788210577.298628,1788210577.305568,6.940,5.928
1788210577.309566,1788210577.313568,4.001,2.191
1788210577.315197,1788210577.320795,5.598,5.111
1788210577.323891,1788210577.329508,5.617,4.601
1788210577.332337,1788210577.337236,4.898,3.871
1788210577.340180,1788210577.345315,5.135,4.290
1788210577.348321,1788210577.353029,4.708,3.868
1788210577.357029,1788210577.361016,3.987,3.471
1788210577.365052,1788210577.368845,3.793,3.475
1788210577.374399,1788210577.377495,3.096,2.316
1788210577.382440,1788210577.385497,3.057,2.548
1788210577.390423,1788210577.393422,2.999,2.452
1788210577.398422,1788210577.401422,3.000,2.473
1788210577.406416,1788210577.409422,3.006,2.822
1788210577.415423,1788210577.417434,2.011,1.337
1788210577.423440,1788210577.425439,1.998,1.166
1788210577.431952,1788210577.432952,1.000,1.226
1788210577.439959,1788210577.440952,0.993,0.756
1788210577.446955,1788210577.449958,3.002,1.462
1788210577.456955,1788210577.457959,1.004,0.425
1788210577.461959,1788210577.465695,3.736,2.670
1788210577.472944,1788210577.474016,1.072,0.213
1788210577.477065,1788210577.481588,4.523,4.020
1788210577.481588,1788210577.489433,7.845,7.465
1788210577.492302,1788210577.498058,5.755,4.748
1788210577.498058,1788210577.505512,7.454,7.271
1788210577.507515,1788210577.513505,5.990,5.422
1788210577.514517,1788210577.521529,7.013,6.523
1788210577.523521,1788210577.529529,6.008,5.838
1788210577.531034,1788210577.537051,6.016,6.057
1788210577.540051,1788210577.545051,4.999,5.420
1788210577.548050,1788210577.553576,5.526,4.967
1788210577.556195,1788210577.561202,5.007,4.825
1788210577.564286,1788210577.569279,4.994,4.382
1788210577.573286,1788210577.577286,4.000,3.585
1788210577.581287,1788210577.585394,4.107,3.500
1788210577.589791,1788210577.593785,3.994,3.365
1788210577.601050,1788210577.602075,1.025,0.465
1788210577.606058,1788210577.610058,4.000,2.726
1788210577.616580,1788210577.617598,1.017,1.180
1788210577.623596,1788210577.625596,2.000,1.586
1788210577.631106,1788210577.634117,3.011,1.819
1788210577.640114,1788210577.642114,2.000,1.720
1788210577.648116,1788210577.650121,2.006,0.721
1788210577.656114,1788210577.658124,2.009,0.647
1788210577.665120,1788210577.666118,0.998,0.250
1788210577.673115,1788210577.674126,1.011,0.306
1788210577.677129,1788210577.682123,4.994,4.378
1788210577.681123,1788210577.690238,9.115,7.623
1788210577.692419,1788210577.698420,6.001,4.618
1788210577.698420,1788210577.706415,7.995,6.872
1788210577.708419,1788210577.714419,6.000,4.983
1788210577.715416,1788210577.722424,7.008,6.135
1788210577.724423,1788210577.730423,6.000,5.160
1788210577.731947,1788210577.737962,6.015,5.307
1788210577.740959,1788210577.745964,5.005,4.812
1788210577.748957,1788210577.753963,5.005,4.870
1788210577.757960,1788210577.761963,4.004,4.155
1788210577.764956,1788210577.769954,4.998,4.830
1788210577.772955,1788210577.778483,5.528,4.312
1788210577.781493,1788210577.786499,5.006,3.839
1788210577.790492,1788210577.794500,4.008,3.657
1788210577.798498,1788210577.802499,4.000,2.831
1788210577.808496,1788210577.810495,2.000,1.581
1788210577.817504,1788210577.818504,1.000,0.069
1788210577.824513,1788210577.826506,1.993,1.379
1788210577.833007,1788210577.834993,1.986,0.936
1788210577.840995,1788210577.842994,2.000,1.305
1788210577.848994,1788210577.851001,2.007,0.765
1788210577.857996,1788210577.859057,1.061,0.582
1788210577.865996,1788210577.867029,1.033,0.731
1788210577.872992,1788210577.874992,2.000,1.352
1788210577.880001,1788210577.882998,2.997,2.006
1788210577.889997,1788210577.890502,0.505,0.348
1788210577.898601,1788210577.899545,0.944,0.032
1788210577.898601,1788210577.907528,8.927,7.580
1788210577.911529,1788210577.915522,3.993,2.829
1788210577.915522,1788210577.923542,8.020,7.375
1788210577.927542,1788210577.931535,3.993,2.756
1788210577.931535,1788210577.939708,8.174,6.753
1788210577.943709,1788210577.946712,3.004,2.404
1788210577.948714,1788210577.954713,5.999,5.689
1788210577.958716,1788210577.963709,4.993,3.966
1788210577.965708,1788210577.970714,5.006,5.292
1788210577.974710,1788210577.979218,4.508,4.171
1788210577.982228,1788210577.987224,4.996,4.276
1788210577.990231,1788210577.995241,5.010,4.353
1788210577.999241,1788210578.003246,4.005,3.732
1788210578.006238,1788210578.010245,4.007,4.329
1788210578.015260,1788210578.018825,3.565,3.870
1788210578.023125,1788210578.027633,4.508,3.360
1788210578.031640,1788210578.035015,3.375,2.994
1788210578.040015,1788210578.043019,3.004,2.536
1788210578.050022,1788210578.051015,0.992,0.991
1788210578.057016,1788210578.059018,2.002,1.402
1788210578.065015,1788210578.067015,2.001,1.953
1788210578.073015,1788210578.075015,1.999,1.416
1788210578.082019,1788210578.083021,1.003,1.343
1788210578.090019,1788210578.091531,1.512,1.542
1788210578.098597,1788210578.099607,1.010,0.724
1788210578.107017,1788210578.108023,1.007,0.083
1788210578.115015,1788210578.116015,1.000,0.254
1788210578.115015,1788210578.124022,9.007,7.657
1788210578.127023,1788210578.132027,5.004,3.661
1788210578.132027,1788210578.140165,8.138,7.258
1788210578.143162,1788210578.148160,4.998,4.697
1788210578.149166,1788210578.156160,6.994,6.516
1788210578.157053,1788210578.164062,7.009,6.102
1788210578.165062,1788210578.171594,6.532,5.682
1788210578.173596,1788210578.179594,5.998,5.352
1788210578.182597,1788210578.188600,6.003,5.172
1788210578.190599,1788210578.195600,5.000,4.774
1788210578.198598,1788210578.203598,5.000,4.488
1788210578.207597,1788210578.212600,5.003,4.095
1788210578.219605,1788210578.219605,0.000,0.017
1788210578.223605,1788210578.228605,5.000,3.844
1788210578.235130,1788210578.236129,0.999,0.050
1788210578.240136,1788210578.244136,4.000,3.341
1788210578.251136,1788210578.252136,1.000,0.123
1788210578.256145,1788210578.260146,4.001,3.082
1788210578.266664,1788210578.268167,1.503,0.660
1788210578.274188,1788210578.276195,2.007,1.374
1788210578.282203,1788210578.284202,1.999,1.484
1788210578.289201,1788210578.292202,3.000,2.075
1788210578.298525,1788210578.300528,2.003,1.421
1788210578.306540,1788210578.308540,2.000,0.960
1788210578.315533,1788210578.316535,1.002,0.649
1788210578.323061,1788210578.324061,1.000,0.283
1788210578.332068,1788210578.332574,0.506,0.042
1788210578.332068,1788210578.340583,8.515,7.366
1788210578.344588,1788210578.348587,3.999,3.068
1788210578.348587,1788210578.356107,7.521,7.292
1788210578.360125,1788210578.364140,4.015,3.650
1788210578.365132,1788210578.372139,7.007,6.857
1788210578.375653,1788210578.380669,5.016,4.188
1788210578.381668,1788210578.388885,7.217,5.771
1788210578.390886,1788210578.396887,6.000,4.744
1788210578.398886,1788210578.404886,6.000,5.127
1788210578.406887,1788210578.412885,5.999,4.730
1788210578.415890,1788210578.420895,5.005,4.131
1788210578.423894,1788210578.428895,5.001,4.402
1788210578.430893,1788210578.436410,5.517,4.732
1788210578.439409,1788210578.444410,5.000,4.315
1788210578.451410,1788210578.452410,1.000,0.348
1788210578.456402,1788210578.460405,4.003,3.443
1788210578.468412,1788210578.468412,0.000,0.177
1788210578.473625,1788210578.476632,3.007,2.868
1788210578.482682,1788210578.485146,2.464,1.541
1788210578.491156,1788210578.492160,1.004,1.410
1788210578.498832,1788210578.500837,2.005,1.815
1788210578.507835,1788210578.508835,1.000,0.445
1788210578.515832,1788210578.516831,0.999,0.439
1788210578.523839,1788210578.524839,1.001,0.159
1788210578.532343,1788210578.532343,0.000,0.405
1788210578.539368,1788210578.540363,0.996,0.481
1788210578.548411,1788210578.548411,0.000,0.241
1788210578.548411,1788210578.557244,8.833,7.704
1788210578.559243,1788210578.565265,6.021,5.282
1788210578.565265,1788210578.573328,8.063,7.430
1788210578.575326,1788210578.580610,5.284,5.211
1788210578.581610,1788210578.589119,7.509,6.979
1788210578.591116,1788210578.596633,5.517,5.470
1788210578.599644,1788210578.604647,5.002,4.794
1788210578.607643,1788210578.613459,5.816,5.154
1788210578.615267,1788210578.621279,6.012,4.700
1788210578.624274,1788210578.629279,5.005,4.582
1788210578.632280,1788210578.636763,4.483,4.163
1788210578.640757,1788210578.644766,4.008,4.365
1788210578.647757,1788210578.653765,6.008,4.308
1788210578.656774,1788210578.660761,3.987,3.497
1788210578.665757,1788210578.668767,3.010,3.310
1788210578.673764,1788210578.677780,4.016,2.846
1788210578.681781,1788210578.685782,4.001,2.635
1788210578.690777,1788210578.693300,2.523,2.065
1788210578.700840,1788210578.701840,1.001,0.296
1788210578.706844,1788210578.708838,1.994,1.799
1788210578.715844,1788210578.717848,2.004,0.711
1788210578.723933,1788210578.725937,2.004,0.877
1788210578.732477,1788210578.733490,1.013,0.030
1788210578.740488,1788210578.741487,0.999,0.476
1788210578.748494,1788210578.749491,0.997,0.040
1788210578.757203,1788210578.758202,1.000,0.074
1788210578.765211,1788210578.766227,1.017,0.146
1788210578.773202,1788210578.774200,0.998,0.195
1788210578.777283,1788210578.782272,4.989,4.111
1788210578.782272,1788210578.790205,7.933,6.914
1788210578.793284,1788210578.798289,5.005,3.967
1788210578.799204,1788210578.806199,6.995,6.710
1788210578.809258,1788210578.814199,4.941,4.234
1788210578.815207,1788210578.822796,7.589,6.205
1788210578.824732,1788210578.830795,6.063,4.921
1788210578.831764,1788210578.838408,6.643,5.586
1788210578.840416,1788210578.846419,6.003,4.956
1788210578.848458,1788210578.854405,5.948,4.879
1788210578.857336,1788210578.862416,5.080,4.545
1788210578.866332,1788210578.870411,4.079,3.983
1788210578.874419,1788210578.878331,3.911,3.775
1788210578.882408,1788210578.886343,3.935,3.729
1788210578.890427,1788210578.894546,4.118,3.487
1788210578.901578,1788210578.902567,0.988,0.309
1788210578.906565,1788210578.910566,4.001,3.039
1788210578.917569,1788210578.918582,1.013,0.504
1788210578.923587,1788210578.926589,3.002,2.573
1788210578.933331,1788210578.934466,1.135,0.622
1788210578.940350,1788210578.942348,1.997,1.398
1788210578.949350,1788210578.950405,1.055,0.493
1788210578.957355,1788210578.958355,1.000,0.812
1788210578.965349,1788210578.967349,2.000,0.980
1788210578.973393,1788210578.974354,0.961,0.568
1788210578.981951,1788210578.982953,1.002,0.296
1788210578.989877,1788210578.990875,0.998,0.243
1788210578.994918,1788210578.998890,3.973,2.997
1788210578.998890,1788210579.006894,8.004,6.840
1788210579.010891,1788210579.015064,4.173,2.912
1788210579.015064,1788210579.023058,7.993,6.819
1788210579.026171,1788210579.031057,4.886,3.996
1788210579.032060,1788210579.038647,6.587,5.910
1788210579.041593,1788210579.047590,5.997,4.430
1788210579.049591,1788210579.055591,6.000,5.239
1788210579.056593,1788210579.063598,7.005,5.640
1788210579.065599,1788210579.071591,5.992,4.887
1788210579.073597,1788210579.079598,6.001,4.850
1788210579.081615,1788210579.087619,6.004,4.601
1788210579.090619,1788210579.095614,4.996,4.036
1788210579.098147,1788210579.103142,4.995,4.073
1788210579.107143,1788210579.111141,3.999,3.312
1788210579.115143,1788210579.119166,4.023,3.098
1788210579.124151,1788210579.127171,3.020,2.971
1788210579.132157,1788210579.135713,3.556,2.812
1788210579.140717,1788210579.143710,2.993,2.322
1788210579.150719,1788210579.151713,0.994,0.033
1788210579.156712,1788210579.159825,3.113,2.025
1788210579.165717,1788210579.167716,1.999,1.350
1788210579.173719,1788210579.175718,1.999,1.290
1788210579.182713,1788210579.183713,1.001,0.651
1788210579.190457,1788210579.191557,1.100,0.278
1788210579.198455,1788210579.199456,1.002,0.098
1788210579.207113,1788210579.207992,0.879,0.048
1788210579.215511,1788210579.215511,0.000,0.054
1788210579.215511,1788210579.223529,8.018,7.443
1788210579.229529,1788210579.231532,2.003,2.081
1788210579.231532,1788210579.240180,8.648,6.816
1788210579.245081,1788210579.248230,3.149,1.680
1788210579.248230,1788210579.255792,7.562,6.410
1788210579.259689,1788210579.264198,4.509,3.785
1788210579.265848,1788210579.271881,6.033,5.571
1788210579.274889,1788210579.279887,4.998,4.258
1788210579.281887,1788210579.287900,6.013,5.431
1788210579.289908,1788210579.296003,6.094,4.938
1788210579.298589,1788210579.303589,5.001,4.281
1788210579.306608,1788210579.311603,4.995,4.386
1788210579.315606,1788210579.320231,4.625,3.666
1788210579.323283,1788210579.328305,5.022,4.407
1788210579.331306,1788210579.335634,4.328,3.801
1788210579.340061,1788210579.344064,4.003,3.360
1788210579.349061,1788210579.352065,3.004,2.430
1788210579.352065,1788210579.360076,8.010,7.501
1788210579.367141,1788210579.368078,0.937,0.064
1788210579.374075,1788210579.375592,1.517,1.681
1788210579.382626,1788210579.383756,1.130,0.777
1788210579.390417,1788210579.392377,1.960,0.731
1788210579.399075,1788210579.400158,1.083,0.706
1788210579.407087,1788210579.408089,1.002,0.243
1788210579.415089,1788210579.416096,1.007,0.159
1788210579.423110,1788210579.424113,1.002,0.064
1788210579.431115,1788210579.432116,1.001,0.127
1788210579.431115,1788210579.440073,8.958,8.138
1788210579.442973,1788210579.447972,4.999,4.371
1788210579.448973,1788210579.455977,7.005,7.022
1788210579.459031,1788210579.463975,4.944,4.510
1788210579.464973,1788210579.472481,7.508,6.370
1788210579.474475,1788210579.480480,6.005,4.921
1788210579.481479,1788210579.488499,7.020,5.776
1788210579.489499,1788210579.495500,6.001,6.010
1788210579.499041,1788210579.504040,4.999,4.977
1788210579.506034,1788210579.512038,6.004,5.421
1788210579.515038,1788210579.520060,5.022,4.660
1788210579.523345,1788210579.528783,5.438,4.378
1788210579.531782,1788210579.536310,4.528,4.231
1788210579.540312,1788210579.544313,4.002,3.794
1788210579.551316,1788210579.552313,0.996,0.447
1788210579.556316,1788210579.560311,3.995,3.335
1788210579.565381,1788210579.568317,2.937,2.972
1788210579.574317,1788210579.576315,1.998,1.994
1788210579.584312,1788210579.584312,0.000,0.129
1788210579.590314,1788210579.592312,1.997,1.530
1788210579.599338,1788210579.600330,0.992,0.411
1788210579.606416,1788210579.608838,2.423,1.516
1788210579.615496,1788210579.616006,0.510,0.834
1788210579.623044,1788210579.624342,1.298,0.899
1788210579.631363,1788210579.632691,1.328,0.584
1788210579.640234,1788210579.640234,0.000,0.109
1788210579.644613,1788210579.648613,4.000,3.087
1788210579.656613,1788210579.656613,0.000,0.029
1788210579.659322,1788210579.665079,5.757,4.765
1788210579.665079,1788210579.672841,7.762,7.361
1788210579.674745,1788210579.681175,6.430,5.653
1788210579.682914,1788210579.688925,6.011,5.520
1788210579.690582,1788210579.696865,6.283,6.021
1788210579.698425,1788210579.704446,6.021,5.857
1788210579.706447,1788210579.712438,5.991,5.818
1788210579.715442,1788210579.721448,6.006,5.086
1788210579.723450,1788210579.729458,6.008,5.268
1788210579.735986,1788210579.736988,1.002,0.543
1788210579.740497,1788210579.744516,4.019,3.963
1788210579.751518,1788210579.753272,1.754,0.662
1788210579.757269,1788210579.761274,4.005,3.275
1788210579.767271,1788210579.769267,1.995,0.996
1788210579.773265,1788210579.777283,4.018,3.129
1788210579.783283,1788210579.785280,1.997,1.033
1788210579.790791,1788210579.793410,2.620,2.144
1788210579.798408,1788210579.801700,3.291,1.909
1788210579.807695,1788210579.809706,2.011,1.060
1788210579.815703,1788210579.816704,1.001,1.190
1788210579.823716,1788210579.825720,2.004,0.642
1788210579.831718,1788210579.833718,2.000,0.733
1788210579.840262,1788210579.841262,0.999,0.292
1788210579.848261,1788210579.849262,1.001,0.399
1788210579.856260,1788210579.857267,1.007,0.252
1788210579.859260,1788210579.865255,5.995,5.315
1788210579.865255,1788210579.873255,7.999,7.708
1788210579.875253,1788210579.881486,6.234,5.213
1788210579.882484,1788210579.889499,7.015,6.488
1788210579.892513,1788210579.896573,4.060,4.813
1788210579.899166,1788210579.905166,6.001,5.876
1788210579.906163,1788210579.913592,7.430,6.303
1788210579.915598,1788210579.921676,6.078,4.884
1788210579.923615,1788210579.929618,6.003,5.453
1788210579.935366,1788210579.937474,2.108,1.198
1788210579.939508,1788210579.945381,5.874,4.863
1788210579.952384,1788210579.953492,1.108,0.910
1788210579.957385,1788210579.961389,4.004,3.459
1788210579.967381,1788210579.969523,2.141,1.241
1788210579.973382,1788210579.977386,4.004,3.516
1788210579.983489,1788210579.985383,1.894,1.500
1788210579.990388,1788210579.993380,2.992,2.630
1788210580.000263,1788210580.001275,1.011,0.819
1788210580.007280,1788210580.009381,2.101,2.010
1788210580.015336,1788210580.017927,2.591,1.616
1788210580.023878,1788210580.025878,2.000,0.854
1788210580.031882,1788210580.033993,2.111,1.217
1788210580.040761,1788210580.041753,0.992,0.628
1788210580.048946,1788210580.049994,1.048,0.402
1788210580.056947,1788210580.057948,1.001,0.134
1788210580.064943,1788210580.065951,1.008,0.324
1788210580.072991,1788210580.073942,0.951,0.193
1788210580.076972,1788210580.082130,5.158,4.323
1788210580.082130,1788210580.090144,8.014,7.206
1788210580.092945,1788210580.097965,5.021,5.014
1788210580.098967,1788210580.105554,6.587,6.444
1788210580.107497,1788210580.113495,5.998,5.811
1788210580.114495,1788210580.121509,7.014,6.422
1788210580.123513,1788210580.129895,6.381,5.939
1788210580.131903,1788210580.138641,6.738,5.279
1788210580.139989,1788210580.146011,6.022,5.006
1788210580.149001,1788210580.154002,5.000,4.845
1788210580.157002,1788210580.162547,5.545,4.276
1788210580.169529,1788210580.170531,1.002,0.123
1788210580.173542,1788210580.178533,4.990,3.753
1788210580.185321,1788210580.186338,1.017,0.089
1788210580.190339,1788210580.194340,4.000,3.315
1788210580.200882,1788210580.201879,0.997,0.678
1788210580.206874,1788210580.209887,3.013,2.624
1788210580.216875,1788210580.218876,2.001,0.622
1788210580.223900,1788210580.225895,1.995,2.227
1788210580.232891,1788210580.233890,0.999,0.665
1788210580.240553,1788210580.242558,2.005,1.105
1788210580.248561,1788210580.250582,2.020,0.955
1788210580.257573,1788210580.258576,1.002,0.382
1788210580.265110,1788210580.267123,2.012,0.352
1788210580.273316,1788210580.274320,1.005,0.257
1788210580.279315,1788210580.283317,4.001,2.540
1788210580.282317,1788210580.290336,8.019,7.386
1788210580.296336,1788210580.298339,2.003,1.900
1788210580.298339,1788210580.306891,8.552,7.285
1788210580.310892,1788210580.314288,3.396,2.794
1788210580.315276,1788210580.322822,7.546,7.081
1788210580.326816,1788210580.330821,4.005,3.110
1788210580.331822,1788210580.338360,6.538,6.312
1788210580.343358,1788210580.347363,4.005,2.844
1788210580.348361,1788210580.355416,7.055,5.357
1788210580.357427,1788210580.362411,4.984,4.334
1788210580.365431,1788210580.370428,4.997,4.771
1788210580.373430,1788210580.379177,5.748,4.313
1788210580.382115,1788210580.386112,3.998,4.240
1788210580.390469,1788210580.394520,4.051,4.300
1788210580.398492,1788210580.403503,5.011,3.552
1788210580.407077,1788210580.411172,4.095,3.135
1788210580.415185,1788210580.419151,3.966,2.991
1788210580.424100,1788210580.427098,2.998,2.684
1788210580.432206,1788210580.435103,2.897,2.489
1788210580.440635,1788210580.442640,2.005,1.906
1788210580.450183,1788210580.451180,0.997,0.080
1788210580.457183,1788210580.459175,1.992,0.855
1788210580.466179,1788210580.467196,1.017,0.591
1788210580.473177,1788210580.475182,2.004,0.876
1788210580.482180,1788210580.483183,1.003,0.482
1788210580.490732,1788210580.491771,1.039,0.052
1788210580.498799,1788210580.499736,0.937,0.166
1788210580.498799,1788210580.507274,8.475,7.145
1788210580.513269,1788210580.515274,2.005,1.788
1788210580.515274,1788210580.523515,8.240,7.631
1788210580.528411,1788210580.531519,3.108,2.861
1788210580.532407,1788210580.539226,6.819,6.282
1788210580.545119,1788210580.547172,2.053,1.987
1788210580.548232,1788210580.555218,6.986,6.222
1788210580.560119,1788210580.563119,3.000,2.866
1788210580.565116,1788210580.571176,6.059,5.373
1788210580.575169,1788210580.579121,3.952,3.803
1788210580.582119,1788210580.587235,5.116,4.846
1788210580.592121,1788210580.595125,3.004,3.072
1788210580.599145,1788210580.603198,4.054,3.938
1788210580.608137,1788210580.611661,3.524,3.404
1788210580.615680,1788210580.620309,4.629,3.746
1788210580.623304,1788210580.627397,4.092,3.649
1788210580.631324,1788210580.635385,4.061,3.612
1788210580.639990,1788210580.643990,3.999,3.490
1788210580.648075,1788210580.651989,3.914,2.578
1788210580.655989,1788210580.659983,3.994,2.858
1788210580.667058,1788210580.668089,1.031,0.331
1788210580.672989,1788210580.675988,2.999,1.962
1788210580.681989,1788210580.683982,1.993,1.575
1788210580.690097,1788210580.692105,2.008,1.347
1788210580.699116,1788210580.700109,0.993,0.328
1788210580.706650,1788210580.707646,0.997,0.343
1788210580.714647,1788210580.716646,2.000,0.409
1788210580.715650,1788210580.723672,8.023,7.482
1788210580.723672,1788210580.731672,8.000,7.344
1788210580.739566,1788210580.739566,0.000,0.022
1788210580.746594,1788210580.748519,1.925,0.763
1788210580.748519,1788210580.756575,8.056,6.716
1788210580.762566,1788210580.763635,1.069,1.433
1788210580.765584,1788210580.772578,6.995,6.202
1788210580.776702,1788210580.779681,2.980,1.601
1788210580.781582,1788210580.788581,6.999,5.532
1788210580.792632,1788210580.795958,3.325,2.921
1788210580.798954,1788210580.803961,5.007,4.380
1788210580.807958,1788210580.811963,4.004,3.534
1788210580.815982,1788210580.819981,3.999,3.998
1788210580.822977,1788210580.828731,5.754,4.274
1788210580.831745,1788210580.835724,3.979,3.608
1788210580.840498,1788210580.844499,4.000,3.164
1788210580.848491,1788210580.852494,4.003,2.785
1788210580.857493,1788210580.860498,3.005,2.227
1788210580.865545,1788210580.868600,3.055,2.662
1788210580.873793,1788210580.876798,3.005,1.913
1788210580.881793,1788210580.884799,3.006,1.782
1788210580.890271,1788210580.892270,1.999,1.194
1788210580.899261,1788210580.900266,1.005,0.971
1788210580.907126,1788210580.908142,1.016,0.805
1788210580.907126,1788210580.916132,9.006,8.826
1788210580.924225,1788210580.925231,1.005,0.075
1788210580.932225,1788210580.932225,0.000,0.197
1788210580.933226,1788210580.940755,7.529,7.438
1788210580.947759,1788210580.948927,1.168,0.335
1788210580.948927,1788210580.956944,8.017,6.709
1788210580.963946,1788210580.964944,0.998,0.684
1788210580.964944,1788210580.973075,8.132,6.925
1788210580.979017,1788210580.981296,2.280,0.712
1788210580.982255,1788210580.989199,6.945,5.993
1788210580.995717,1788210580.996739,1.022,0.697
1788210580.999755,1788210581.004759,5.004,4.686
1788210581.009760,1788210581.012810,3.050,2.257
1788210581.014909,1788210581.020932,6.023,5.074
1788210581.025358,1788210581.028952,3.594,3.343
1788210581.031950,1788210581.037592,5.641,4.460
1788210581.040120,1788210581.045118,4.998,4.064
1788210581.048117,1788210581.053123,5.006,4.135
1788210581.056117,1788210581.061187,5.069,4.010
1788210581.065116,1788210581.069183,4.066,3.343
1788210581.073115,1788210581.077124,4.008,3.190
1788210581.081124,1788210581.085118,3.994,3.218
1788210581.090126,1788210581.093368,3.242,2.616
1788210581.098373,1788210581.101425,3.052,1.818
1788210581.106902,1788210581.108897,1.995,2.129
1788210581.115955,1788210581.116954,0.999,0.831
1788210581.123964,1788210581.124964,1.000,1.022
1788210581.131963,1788210581.132964,1.000,0.697
1788210581.139488,1788210581.141512,2.024,0.910
1788210581.148508,1788210581.149503,0.996,0.309
1788210581.148508,1788210581.157507,8.999,8.343
1788210581.164510,1788210581.165510,1.001,0.247
1788210581.165510,1788210581.173504,7.994,7.435
1788210581.173504,1788210581.181504,8.000,6.719
1788210581.181504,1788210581.189869,8.365,6.998
1788210581.195876,1788210581.197243,1.367,0.673
1788210581.199257,1788210581.205260,6.002,5.967
1788210581.212258,1788210581.213375,1.117,0.778
1788210581.216262,1788210581.221257,4.995,5.061
1788210581.227273,1788210581.229286,2.013,1.458
1788210581.232268,1788210581.237275,5.008,4.787
1788210581.242808,1788210581.245808,2.999,2.092
1788210581.248807,1788210581.253803,4.996,4.501
1788210581.257801,1788210581.261320,3.519,2.972
1788210581.264328,1788210581.269539,5.211,3.639
1788210581.273799,1788210581.277128,3.330,3.136
1788210581.282132,1788210581.286140,4.008,3.096
1788210581.290148,1788210581.293147,3.000,3.422
1788210581.298146,1788210581.301144,2.997,3.031
1788210581.306963,1788210581.309956,2.993,2.593
1788210581.314962,1788210581.318077,3.115,1.903
1788210581.324058,1788210581.326185,2.127,1.562
1788210581.332078,1788210581.334079,2.001,1.526
1788210581.340692,1788210581.341787,1.095,0.847
1788210581.348692,1788210581.349693,1.001,0.069
1788210581.357691,1788210581.357691,0.000,0.155
1788210581.365710,1788210581.366714,1.003,0.067
1788210581.373704,1788210581.373704,0.000,0.133
1788210581.381213,1788210581.382089,0.875,0.064
1788210581.382089,1788210581.389771,7.682,7.476
1788210581.397656,1788210581.398661,1.005,0.213
1788210581.398661,1788210581.406704,8.044,6.608
1788210581.413656,1788210581.413656,0.000,0.071
1788210581.414765,1788210581.422590,7.825,6.255
1788210581.428564,1788210581.429562,0.997,0.782
1788210581.432603,1788210581.437664,5.061,5.424
1788210581.444149,1788210581.446100,1.951,1.196
1788210581.449100,1788210581.454101,5.001,4.753
1788210581.458827,1788210581.461929,3.103,2.654
1788210581.465827,1788210581.470282,4.455,3.946
1788210581.474282,1788210581.478282,4.000,3.469
1788210581.482287,1788210581.486389,4.102,3.353
1788210581.490384,1788210581.494434,4.050,3.211
1788210581.499381,1788210581.502386,3.005,2.794
1788210581.507319,1788210581.510544,3.225,2.571
1788210581.515312,1788210581.518308,2.997,2.540
1788210581.523312,1788210581.526330,3.018,2.684
1788210581.531330,1788210581.534327,2.997,1.955
1788210581.540282,1788210581.542397,2.115,2.016
1788210581.548344,1788210581.550414,2.069,1.489
1788210581.557303,1788210581.558301,0.998,0.156
1788210581.565300,1788210581.567301,2.001,0.163
1788210581.573300,1788210581.574300,1.000,0.249
1788210581.582297,1788210581.583299,1.002,0.068
1788210581.590299,1788210581.591307,1.008,0.169
1788210581.590299,1788210581.599370,9.071,7.255
1788210581.599370,1788210581.607365,7.996,7.157
1788210581.613408,1788210581.614141,0.733,0.760
1788210581.615255,1788210581.623151,7.896,6.482
1788210581.629352,1788210581.631232,1.879,0.768
1788210581.632234,1788210581.638227,5.992,5.907
1788210581.644753,1788210581.646752,1.999,1.320
1788210581.648806,1788210581.654818,6.012,5.381
1788210581.660758,1788210581.662759,2.001,1.183
1788210581.665757,1788210581.670758,5.001,4.749
1788210581.676279,1788210581.678369,2.089,2.462
1788210581.681292,1788210581.686315,5.023,4.738
1788210581.691397,1788210581.695407,4.010,2.785
1788210581.699410,1788210581.702428,3.018,3.448
1788210581.707458,1788210581.710465,3.007,3.367
1788210581.715465,1788210581.719466,4.000,3.224
1788210581.723457,1788210581.726870,3.412,3.054
1788210581.731867,1788210581.734872,3.005,2.838
1788210581.739866,1788210581.743403,3.536,2.744
1788210581.748406,1788210581.750741,2.334,1.613
1788210581.756732,1788210581.758740,2.007,1.650
1788210581.764752,1788210581.767735,2.983,1.650
1788210581.773737,1788210581.775738,2.001,0.678
1788210581.781735,1788210581.783734,1.999,0.646
1788210581.789772,1788210581.790781,1.009,0.858
1788210581.798774,1788210581.799778,1.004,0.037
1788210581.806775,1788210581.807775,1.001,0.056
1788210581.814775,1788210581.815774,0.999,0.061
1788210581.815774,1788210581.823776,8.002,7.424
1788210581.830315,1788210581.831638,1.323,0.854
1788210581.831638,1788210581.838657,7.019,7.333
1788210581.846188,1788210581.847184,0.996,0.443
1788210581.849257,1788210581.856184,6.927,6.078
1788210581.861188,1788210581.864256,3.067,1.761
1788210581.866212,1788210581.872183,5.971,5.327
1788210581.876180,1788210581.879184,3.004,2.397
1788210581.882188,1788210581.888074,5.886,4.813
1788210581.891571,1788210581.895687,4.116,3.525
1788210581.898871,1788210581.903890,5.019,4.306
1788210581.907750,1788210581.912014,4.264,3.816
1788210581.914901,1788210581.919471,4.570,4.358
1788210581.923470,1788210581.927499,4.029,4.072
1788210581.931495,1788210581.935605,4.109,3.539
1788210581.940231,1788210581.943251,3.020,3.469
1788210581.948246,1788210581.951305,3.059,2.871
1788210581.956320,1788210581.959323,3.004,2.548
1788210581.965435,1788210581.968198,2.764,2.336
1788210581.972999,1788210581.976001,3.002,1.747
1788210581.982055,1788210581.984105,2.049,1.071
1788210581.990007,1788210581.992002,1.995,0.885
1788210581.999018,1788210582.000105,1.087,0.759
1788210582.007200,1788210582.008173,0.973,0.247
1788210582.014790,1788210582.014790,0.000,0.610
1788210582.023889,1788210582.023889,0.000,0.052
1788210582.031368,1788210582.031368,0.000,0.036
1788210582.031368,1788210582.040352,8.983,7.653
1788210582.045887,1788210582.047888,2.001,2.040
1788210582.048885,1788210582.055995,7.110,7.073
1788210582.060887,1788210582.063921,3.034,2.175
1788210582.065868,1788210582.071925,6.057,6.066
1788210582.075868,1788210582.079870,4.002,4.076
1788210582.081864,1788210582.087919,6.055,5.442
1788210582.091869,1788210582.095880,4.011,3.682
1788210582.098874,1788210582.103876,5.002,4.939
1788210582.106979,1788210582.111628,4.648,4.120
1788210582.115005,1788210582.120056,5.051,4.286
1788210582.124007,1788210582.128136,4.130,3.863
1788210582.131141,1788210582.136137,4.996,4.451
1788210582.139131,1788210582.143732,4.600,3.778
1788210582.148731,1788210582.151729,2.997,3.213
1788210582.156782,1788210582.159730,2.949,3.278
1788210582.165729,1788210582.167809,2.080,2.347
1788210582.173776,1788210582.175728,1.952,1.503
1788210582.180737,1788210582.183733,2.996,2.551
1788210582.190199,1788210582.192202,2.003,1.142
1788210582.199274,1788210582.200373,1.099,0.035
1788210582.207397,1788210582.208395,0.998,0.777
1788210582.215390,1788210582.216390,1.000,0.491
1788210582.223393,1788210582.224396,1.003,0.359
1788210582.232408,1788210582.232408,0.000,0.108
1788210582.239519,1788210582.241035,1.516,0.044
1788210582.247121,1788210582.249058,1.936,0.568
1788210582.249058,1788210582.256324,7.267,6.966
1788210582.262200,1788210582.264644,2.444,1.627
1788210582.265712,1788210582.273100,7.388,6.818
1788210582.278464,1788210582.280464,2.000,1.743
1788210582.281468,1788210582.288469,7.001,6.407
1788210582.294484,1788210582.296536,2.052,2.133
1788210582.298483,1788210582.304600,6.117,5.543
1788210582.309115,1788210582.312897,3.781,2.961
1788210582.315845,1788210582.320845,5.000,4.586
1788210582.324379,1788210582.328501,4.122,3.640
1788210582.332397,1788210582.336929,4.532,4.422
1788210582.341442,1788210582.344459,3.017,3.230
1788210582.348562,1788210582.352457,3.894,3.615
1788210582.357294,1788210582.361419,4.125,3.513
1788210582.365311,1788210582.369447,4.136,3.140
1788210582.374331,1788210582.377331,3.000,2.556
1788210582.381848,1788210582.384871,3.023,2.412
1788210582.390756,1788210582.392759,2.003,2.181
1788210582.398763,1788210582.400757,1.995,1.513
1788210582.406858,1788210582.408759,1.900,1.651
1788210582.415757,1788210582.416878,1.121,0.746
1788210582.423759,1788210582.424835,1.077,1.098
1788210582.431858,1788210582.432926,1.068,0.560
1788210582.439957,1788210582.440857,0.900,0.231
1788210582.448210,1788210582.449217,1.007,0.040
1788210582.456250,1788210582.457138,0.887,0.141
1788210582.461206,1788210582.465138,3.932,3.233
1788210582.465138,1788210582.473140,8.002,7.315
1788210582.477249,1788210582.481137,3.887,3.361
1788210582.482134,1788210582.489133,6.999,6.338
1788210582.493133,1788210582.497151,4.018,3.415
1788210582.499148,1788210582.505149,6.001,5.777
1788210582.508147,1788210582.513736,5.589,4.732
1788210582.515685,1788210582.521725,6.041,5.464
1788210582.523680,1788210582.529705,6.025,5.122
1788210582.531701,1788210582.537157,5.456,4.919
1788210582.539263,1788210582.545553,6.290,5.099
1788210582.548544,1788210582.553542,4.998,4.713
1788210582.558550,1788210582.561554,3.005,2.909
1788210582.565553,1788210582.569552,3.998,3.614
1788210582.573552,1788210582.577541,3.989,3.654
1788210582.581547,1788210582.585549,4.002,2.865
1788210582.589710,1788210582.593827,4.116,2.713
1788210582.598971,1788210582.601859,2.888,2.014
1788210582.606852,1788210582.609857,3.005,1.843
1788210582.616383,1788210582.617338,0.955,0.817
1788210582.623361,1788210582.625363,2.001,1.205
1788210582.632379,1788210582.633499,1.120,0.583
1788210582.639521,1788210582.642123,2.601,0.487
1788210582.649058,1788210582.650059,1.001,0.381
1788210582.657172,1788210582.658161,0.990,0.206
1788210582.665152,1788210582.666165,1.013,0.207
1788210582.673164,1788210582.674056,0.892,0.118
1788210582.682139,1788210582.682139,0.000,0.038
1788210582.682139,1788210582.691055,8.916,7.569
1788210582.695179,1788210582.698510,3.331,2.546
1788210582.698510,1788210582.706515,8.005,7.150
1788210582.712725,1788210582.714098,1.373,1.146
1788210582.716228,1788210582.722115,5.887,5.655
1788210582.727130,1788210582.730187,3.057,2.596
1788210582.732133,1788210582.739132,6.999,5.607
1788210582.743659,1788210582.746719,3.060,2.301
1788210582.748661,1788210582.754255,5.594,5.238
1788210582.758256,1788210582.762304,4.047,3.645
1788210582.765256,1788210582.770312,5.056,4.492
1788210582.774256,1788210582.778260,4.004,3.823
1788210582.782259,1788210582.787255,4.996,4.082
1788210582.790253,1788210582.794498,4.245,4.055
1788210582.798498,1788210582.802497,3.999,3.358
1788210582.807491,1788210582.810499,3.008,2.870
1788210582.815490,1788210582.818493,3.003,2.829
1788210582.823499,1788210582.826507,3.008,2.377
1788210582.831506,1788210582.834561,3.055,2.748
1788210582.839515,1788210582.843059,3.544,2.859
1788210582.848057,1788210582.851049,2.992,2.240
1788210582.856048,1788210582.858047,1.999,2.327
1788210582.864537,1788210582.866546,2.009,1.809
1788210582.873536,1788210582.875542,2.006,0.914
1788210582.881533,1788210582.883534,2.001,0.809
1788210582.889535,1788210582.891534,1.998,0.698
1788210582.897554,1788210582.898553,0.999,0.614
1788210582.906548,1788210582.906548,0.000,0.103
1788210582.914081,1788210582.915082,1.000,0.052
1788210582.922723,1788210582.922723,0.000,0.084
1788210582.927792,1788210582.931789,3.997,2.408
1788210582.931789,1788210582.939790,8.000,7.095
1788210582.942357,1788210582.947375,5.018,4.642
1788210582.948374,1788210582.955378,7.004,6.429
1788210582.957371,1788210582.963371,5.999,5.036
1788210582.964378,1788210582.970999,6.621,6.283
1788210582.972998,1788210582.978998,6.000,5.587
1788210582.982119,1788210582.986999,4.880,4.992
1788210582.990006,1788210582.995004,4.998,5.050
1788210582.998003,1788210583.003125,5.123,4.739
1788210583.006170,1788210583.011120,4.950,4.450
1788210583.015118,1788210583.019384,4.266,4.013
1788210583.023287,1788210583.027416,4.129,3.401
1788210583.032417,1788210583.035419,3.002,2.864
1788210583.039968,1788210583.043489,3.521,3.095
1788210583.049496,1788210583.051540,2.043,1.476
1788210583.055493,1788210583.059492,3.999,3.027
1788210583.065619,1788210583.067550,1.931,1.291
1788210583.073491,1788210583.075552,2.061,1.977
1788210583.082491,1788210583.083586,1.095,0.962
1788210583.089554,1788210583.091490,1.936,1.263
1788210583.098610,1788210583.099621,1.011,0.562
1788210583.106508,1788210583.107506,0.999,0.305
1788210583.115162,1788210583.115162,0.000,0.031
1788210583.115162,1788210583.124161,8.998,8.054
1788210583.131171,1788210583.131171,0.000,0.065
1788210583.132176,1788210583.140179,8.003,7.310
1788210583.144721,1788210583.147716,2.995,2.713
1788210583.148714,1788210583.155770,7.056,6.743
1788210583.158757,1788210583.163716,4.959,4.502
1788210583.164720,1788210583.171723,7.003,6.228
1788210583.173722,1788210583.179691,5.969,5.565
1788210583.181698,1788210583.188124,6.427,5.887
1788210583.190126,1788210583.196236,6.110,5.304
1788210583.198128,1788210583.204232,6.105,5.004
1788210583.206273,1788210583.212186,5.914,4.833
1788210583.215189,1788210583.220192,5.004,3.824
1788210583.223131,1788210583.228150,5.019,4.281
1788210583.232147,1788210583.236142,3.995,3.480
1788210583.240145,1788210583.244688,4.543,3.455
1788210583.251751,1788210583.251751,0.000,0.038
1788210583.256762,1788210583.259770,3.008,2.586
1788210583.267770,1788210583.268284,0.513,0.101
1788210583.273372,1788210583.276370,2.997,2.776
1788210583.283012,1788210583.284014,1.002,0.968
1788210583.290010,1788210583.292010,2.000,1.564
1788210583.298013,1788210583.300080,2.067,1.103
1788210583.307028,1788210583.308054,1.026,0.627
1788210583.315448,1788210583.316218,0.771,0.737
1788210583.323165,1788210583.324161,0.996,0.262
1788210583.331362,1788210583.332385,1.024,0.201
1788210583.331362,1788210583.340362,9.000,7.533
1788210583.343089,1788210583.348498,5.409,4.627
1788210583.348498,1788210583.356497,7.999,7.433
1788210583.359506,1788210583.364499,4.992,4.843
1788210583.365504,1788210583.372636,7.132,6.758
1788210583.374524,1788210583.381048,6.525,5.571
1788210583.382561,1788210583.388238,5.677,5.737
1788210583.390254,1788210583.396254,6.001,5.838
1788210583.398260,1788210583.405105,6.845,5.664
1788210583.406129,1788210583.412557,6.428,5.758
1788210583.415184,1788210583.420306,5.123,4.575
1788210583.423635,1788210583.428806,5.171,4.622
1788210583.431920,1788210583.436810,4.890,4.478
1788210583.440809,1788210583.445394,4.584,3.908
1788210583.451396,1788210583.452391,0.995,0.485
1788210583.456393,1788210583.461391,4.999,3.535
1788210583.466524,1788210583.468504,1.980,1.936
1788210583.473449,1788210583.477391,3.941,3.081
1788210583.482390,1788210583.485447,3.057,1.991
1788210583.491395,1788210583.493392,1.997,0.578
1788210583.498390,1788210583.500391,2.001,2.332
1788210583.506645,1788210583.508647,2.002,2.027
1788210583.514653,1788210583.517187,2.535,1.653
1788210583.523183,1788210583.525182,1.999,1.563
1788210583.531431,1788210583.532422,0.991,1.455
1788210583.539427,1788210583.540422,0.996,0.606
1788210583.548079,1788210583.549077,0.998,0.042
1788210583.548079,1788210583.557077,8.998,8.070
1788210583.558093,1788210583.566081,7.988,6.426
1788210583.565081,1788210583.573081,8.000,7.141
1788210583.574080,1788210583.581084,7.005,6.329
1788210583.582078,1788210583.589079,7.001,6.608
1788210583.590077,1788210583.598113,8.036,6.658
1788210583.599126,1788210583.605124,5.998,6.051
1788210583.606157,1788210583.613247,7.090,6.339
1788210583.620585,1788210583.621093,0.508,0.488
1788210583.623107,1788210583.629142,6.036,5.574
1788210583.637126,1788210583.637126,0.000,0.089
1788210583.639127,1788210583.645653,6.526,5.326
1788210583.651656,1788210583.653653,1.997,1.135
1788210583.656657,1788210583.661660,5.003,4.595
1788210583.666654,1788210583.669660,3.006,2.162
1788210583.672764,1788210583.677772,5.008,3.945
1788210583.682879,1788210583.685881,3.002,2.120
1788210583.689878,1788210583.693965,4.086,2.815
1788210583.698879,1788210583.701084,2.206,2.392
1788210583.706094,1788210583.710007,3.913,2.670
1788210583.714089,1788210583.717779,3.690,2.359
1788210583.723790,1788210583.725778,1.988,1.289
1788210583.731708,1788210583.733783,2.076,1.317
1788210583.740709,1788210583.741803,1.094,0.628
1788210583.748334,1788210583.749406,1.071,0.565
1788210583.757333,1788210583.758424,1.091,0.375
1788210583.765332,1788210583.766410,1.078,0.307
1788210583.765332,1788210583.774330,8.998,7.464
1788210583.775420,1788210583.782333,6.913,5.644
1788210583.781334,1788210583.790332,8.998,7.464
1788210583.792330,1788210583.798413,6.083,5.192
1788210583.801418,1788210583.806334,4.916,3.606
1788210583.807332,1788210583.814414,7.082,5.790
1788210583.815412,1788210583.822416,7.004,5.635
1788210583.823327,1788210583.830409,7.082,6.266
1788210583.832330,1788210583.838102,5.773,5.348
1788210583.840023,1788210583.845803,5.780,6.003
1788210583.853725,1788210583.854728,1.003,0.083
1788210583.856734,1788210583.862725,5.991,4.951
1788210583.868812,1788210583.869732,0.921,0.835
1788210583.873720,1788210583.878819,5.099,4.288
1788210583.885723,1788210583.886804,1.080,0.275
1788210583.889807,1788210583.894815,5.008,3.545
1788210583.901740,1788210583.902817,1.077,0.647
1788210583.906741,1788210583.910746,4.005,3.122
1788210583.916075,1788210583.919109,3.034,1.275
1788210583.924106,1788210583.927105,2.999,2.362
1788210583.932203,1788210583.934285,2.082,2.309
1788210583.940205,1788210583.942204,1.999,1.733
1788210583.947823,1788210583.950912,3.090,1.675
1788210583.956825,1788210583.958821,1.996,1.178
1788210583.964876,1788210583.966908,2.032,1.189
1788210583.973825,1788210583.974823,0.999,0.546
1788210583.981818,1788210583.982818,1.000,0.432
1788210583.989904,1788210583.990824,0.920,0.059
1788210583.991911,1788210583.999823,7.912,6.276
1788210583.998825,1788210584.006918,8.093,7.169
1788210584.007916,1788210584.014921,7.006,6.093
1788210584.014921,1788210584.023186,8.265,6.805
1788210584.024187,1788210584.031289,7.101,6.726
1788210584.032290,1788210584.039284,6.994,6.333
1788210584.040286,1788210584.046807,6.520,6.113
1788210584.053329,1788210584.055331,2.002,1.230
1788210584.056330,1788210584.063329,6.999,5.745
1788210584.069328,1788210584.071327,1.999,1.228
1788210584.073331,1788210584.079328,5.996,5.461
1788210584.085329,1788210584.087330,2.001,1.159
1788210584.090329,1788210584.095327,4.998,4.779
1788210584.100684,1788210584.103103,2.418,1.833
1788210584.107239,1788210584.110732,3.493,3.316
1788210584.116756,1788210584.119136,2.381,1.926
1788210584.124153,1788210584.127468,3.315,2.733
1788210584.132815,1788210584.135812,2.997,1.658
1788210584.141813,1788210584.142814,1.000,0.463
1788210584.148452,1788210584.151530,3.078,2.307
1788210584.156461,1788210584.159534,3.072,1.978
1788210584.165547,1788210584.167547,2.000,1.483
1788210584.173550,1788210584.175546,1.996,0.831
1788210584.181710,1788210584.183716,2.006,0.683
1788210584.190712,1788210584.191715,1.003,0.298
1788210584.198712,1788210584.199716,1.004,0.079
1788210584.206719,1788210584.207720,1.002,0.039
1788210584.209811,1788210584.215841,6.030,4.948
1788210584.215841,1788210584.223840,7.998,7.362
1788210584.231368,1788210584.231368,0.000,0.227
1788210584.231368,1788210584.239871,8.503,7.904
1788210584.241960,1788210584.247509,5.548,5.112
1788210584.248513,1788210584.255604,7.092,6.192
1788210584.257529,1788210584.263530,6.001,5.358
1788210584.265535,1788210584.272303,6.768,6.083
1788210584.273324,1788210584.279863,6.539,5.679
1788210584.281783,1788210584.287854,6.071,5.618
1788210584.289778,1788210584.295780,6.002,5.403
1788210584.298780,1788210584.303962,5.182,4.663
1788210584.306957,1788210584.311875,4.918,4.296
1788210584.314961,1788210584.320499,5.538,4.070
1788210584.323496,1788210584.327495,3.999,4.072
1788210584.332106,1788210584.336177,4.071,3.135
1788210584.340994,1788210584.344207,3.213,2.999
1788210584.348643,1788210584.351739,3.096,3.210
1788210584.357075,1788210584.360075,3.000,1.848
1788210584.367174,1788210584.368262,1.087,0.409
1788210584.373274,1788210584.376266,2.992,1.894
1788210584.383518,1788210584.384031,0.513,0.606
1788210584.389831,1788210584.391829,1.998,1.304
1788210584.398749,1788210584.399753,1.004,0.468
1788210584.406855,1788210584.408747,1.891,0.746
1788210584.415749,1788210584.416860,1.111,0.346
1788210584.423748,1788210584.424837,1.089,0.254
1788210584.431857,1788210584.431857,0.000,0.289
1788210584.439860,1788210584.440920,1.060,0.062
1788210584.444449,1788210584.449066,4.618,3.110
1788210584.449066,1788210584.456717,7.650,7.176
1788210584.459809,1788210584.464710,4.902,3.976
1788210584.464710,1788210584.472807,8.097,6.771
1788210584.476717,1788210584.480803,4.086,3.530
1788210584.481716,1788210584.488799,7.082,5.892
1788210584.490801,1788210584.496805,6.004,5.187
1788210584.498712,1788210584.504900,6.188,5.770
1788210584.507818,1788210584.512427,4.609,3.907
1788210584.515443,1788210584.521142,5.699,4.951
1788210584.523138,1788210584.528658,5.520,4.699
1788210584.531657,1788210584.536663,5.006,4.682
1788210584.539656,1788210584.544656,4.999,4.639
1788210584.551407,1788210584.552400,0.993,1.188
1788210584.556398,1788210584.560406,4.008,4.033
1788210584.568399,1788210584.568399,0.000,0.119
1788210584.573400,1788210584.576406,3.006,2.497
1788210584.583407,1788210584.584402,0.995,0.555
1788210584.590403,1788210584.592406,2.003,2.307
1788210584.600415,1788210584.600415,0.000,0.212
1788210584.606417,1788210584.608413,1.996,1.633
1788210584.615207,1788210584.617213,2.006,1.530
1788210584.623213,1788210584.625213,1.999,0.855
1788210584.631223,1788210584.633224,2.000,0.588
1788210584.640223,1788210584.641223,1.001,0.403
1788210584.647749,1788210584.648748,0.999,0.246
1788210584.655747,1788210584.656747,1.001,0.411
1788210584.662269,1788210584.665268,2.999,2.205
1788210584.665268,1788210584.673269,8.001,7.444
1788210584.677274,1788210584.681268,3.994,2.843
1788210584.682272,1788210584.689269,6.997,6.516
1788210584.694270,1788210584.697268,2.998,2.258
1788210584.698273,1788210584.705282,7.009,5.845
1788210584.709288,1788210584.713279,3.991,2.897
1788210584.715286,1788210584.720814,5.528,5.201
1788210584.724815,1788210584.728814,3.998,3.444
1788210584.731822,1788210584.736825,5.002,4.741
1788210584.740819,1788210584.745322,4.503,3.407
1788210584.748329,1788210584.753329,5.000,4.262
1788210584.757332,1788210584.761329,3.997,3.526
1788210584.765330,1788210584.769336,4.006,3.659
1788210584.773266,1788210584.777275,4.009,3.569
1788210584.782275,1788210584.784797,2.522,2.388
1788210584.790794,1788210584.792793,1.999,2.351
1788210584.798798,1788210584.801799,3.000,2.132
1788210584.806796,1788210584.809795,2.999,1.763
1788210584.814816,1788210584.817812,2.997,1.436
1788210584.823811,1788210584.825897,2.085,0.906
1788210584.832575,1788210584.833441,0.865,0.185
1788210584.840439,1788210584.841549,1.110,0.725
1788210584.848064,1788210584.849064,1.000,0.431
1788210584.857064,1788210584.858114,1.049,0.188
1788210584.865066,1788210584.866065,0.998,0.209
1788210584.865066,1788210584.874063,8.996,7.347
1788210584.879822,1788210584.881831,2.009,1.220
1788210584.882901,1788210584.889354,6.453,5.963
1788210584.894351,1788210584.897361,3.010,2.518
1788210584.899351,1788210584.905802,6.451,5.841
1788210584.909800,1788210584.913036,3.237,3.302
1788210584.915524,1788210584.922175,6.651,5.377
1788210584.924437,1788210584.929491,5.054,4.915
1788210584.931499,1788210584.937563,6.064,5.955
1788210584.940498,1788210584.946368,5.869,5.103
1788210584.948270,1788210584.954320,6.050,4.714
1788210584.956326,1788210584.961745,5.419,4.555
1788210584.965629,1788210584.969636,4.006,4.085
1788210584.973967,1788210584.978062,4.096,3.442
1788210584.981947,1788210584.985997,4.050,3.777
1788210584.989940,1788210584.993943,4.003,3.366
1788210584.998943,1788210585.001945,3.003,2.762
1788210585.006953,1788210585.010011,3.058,2.525
1788210585.017020,1788210585.017803,0.783,0.273
1788210585.023836,1788210585.025897,2.060,1.797
1788210585.032900,1788210585.034261,1.360,0.227
1788210585.040274,1788210585.042290,2.016,1.428
1788210585.048827,1788210585.050820,1.993,1.350
1788210585.056820,1788210585.058824,2.004,1.107
1788210585.063905,1788210585.066360,2.456,1.321
1788210585.073353,1788210585.074362,1.009,0.835
1788210585.079353,1788210585.082358,3.005,3.087
1788210585.090162,1788210585.090162,0.000,0.022
1788210585.097508,1788210585.098503,0.995,0.025
1788210585.098503,1788210585.106570,8.066,7.732
1788210585.109576,1788210585.114572,4.997,4.039
1788210585.115571,1788210585.122244,6.672,6.712
1788210585.126247,1788210585.130361,4.114,3.910
1788210585.131372,1788210585.138381,7.009,6.514
1788210585.140702,1788210585.146254,5.551,5.303
1788210585.148265,1788210585.154272,6.007,6.065
1788210585.156265,1788210585.162270,6.004,5.408
1788210585.164502,1788210585.170042,5.540,5.353
1788210585.173027,1788210585.179031,6.004,5.004
1788210585.182032,1788210585.186393,4.360,4.477
1788210585.189387,1788210585.194398,5.011,4.359
1788210585.198387,1788210585.202398,4.011,4.110
1788210585.206383,1788210585.210386,4.004,3.575
1788210585.217572,1788210585.218573,1.001,0.397
1788210585.223574,1788210585.226578,3.004,2.159
1788210585.233581,1788210585.234576,0.995,0.170
1788210585.239121,1788210585.243125,4.004,2.581
1788210585.249660,1788210585.250941,1.281,0.182
1788210585.256988,1788210585.258985,1.997,1.346
1788210585.264987,1788210585.266988,2.001,0.903
1788210585.273525,1788210585.274518,0.993,0.517
1788210585.281461,1788210585.282468,1.007,0.558
1788210585.289461,1788210585.290462,1.001,0.274
1788210585.297659,1788210585.298659,0.999,0.272
1788210585.297659,1788210585.306675,9.016,8.300
1788210585.311180,1788210585.315179,3.999,2.889
1788210585.315179,1788210585.322845,7.666,7.231
1788210585.326751,1788210585.331258,4.507,3.047
1788210585.332268,1788210585.339276,7.008,6.297
1788210585.344272,1788210585.346852,2.580,2.159
1788210585.344272,1788210585.354780,10.509,10.190
1788210585.358784,1788210585.362850,4.066,3.077
1788210585.365781,1788210585.370959,5.178,5.176
1788210585.372907,1788210585.378909,6.002,5.115
1788210585.381906,1788210585.387480,5.574,5.064
1788210585.389828,1788210585.395844,6.017,4.737
1788210585.398842,1788210585.402894,4.051,4.019
1788210585.407409,1788210585.411479,4.069,3.580
1788210585.415406,1788210585.419411,4.005,3.326
1788210585.423407,1788210585.427754,4.347,3.163
1788210585.431828,1788210585.435764,3.935,2.837
1788210585.439767,1788210585.443767,4.000,2.442
1788210585.449797,1788210585.450813,1.016,0.798
1788210585.456812,1788210585.459812,3.000,2.242
1788210585.464817,1788210585.466963,2.147,1.567
1788210585.473471,1788210585.475478,2.006,1.464
1788210585.481469,1788210585.483477,2.008,1.532
1788210585.489536,1788210585.490973,1.438,1.043
1788210585.497986,1788210585.499608,1.622,0.592
1788210585.506769,1788210585.507785,1.015,0.305
1788210585.512705,1788210585.516271,3.566,2.345
1788210585.522899,1788210585.523813,0.914,0.360
1788210585.531076,1788210585.532094,1.018,0.537
1788210585.531076,1788210585.540147,9.071,7.363
1788210585.543090,1788210585.547687,4.597,3.922
1788210585.547687,1788210585.555690,8.003,7.351
1788210585.560924,1788210585.563935,3.011,2.670
1788210585.564933,1788210585.571936,7.002,6.770
1788210585.574066,1788210585.580485,6.419,5.528
1788210585.581479,1788210585.587989,6.510,6.082
1788210585.590004,1788210585.596013,6.009,5.806
1788210585.598037,1788210585.604028,5.991,5.140
1788210585.606434,1788210585.611962,5.528,4.515
1788210585.614976,1788210585.619974,4.998,4.729
1788210585.623001,1788210585.628112,5.111,4.450
1788210585.631068,1788210585.636075,5.006,4.261
1788210585.639473,1788210585.644486,5.013,3.747
1788210585.650847,1788210585.651839,0.992,0.377
1788210585.656834,1788210585.660841,4.007,3.113
1788210585.666838,1788210585.668485,1.647,1.014
1788210585.673498,1788210585.676060,2.563,2.536
1788210585.683060,1788210585.684066,1.006,0.923
1788210585.689826,1788210585.691835,2.009,2.434
1788210585.698355,1788210585.700375,2.020,1.758
1788210585.706356,1788210585.708367,2.011,1.497
1788210585.714356,1788210585.716358,2.002,1.210
1788210585.723378,1788210585.724385,1.007,0.480
1788210585.731377,1788210585.732385,1.008,0.200
1788210585.739904,1788210585.740909,1.005,0.037
1788210585.747561,1788210585.748571,1.011,0.231
1788210585.748571,1788210585.756571,8.000,7.580
1788210585.760578,1788210585.764622,4.044,3.218
1788210585.764622,1788210585.772612,7.990,6.814
1788210585.775637,1788210585.780578,4.941,4.285
1788210585.782575,1788210585.788573,5.998,5.712
1788210585.791579,1788210585.795952,4.373,4.283
1788210585.797901,1788210585.804312,6.411,5.804
1788210585.806310,1788210585.812492,6.182,5.200
1788210585.815498,1788210585.820491,4.993,4.911
1788210585.823489,1788210585.828606,5.116,4.894
1788210585.831496,1788210585.836512,5.017,4.519
1788210585.840509,1788210585.844509,4.000,3.974
1788210585.849092,1788210585.853219,4.127,3.295
1788210585.856235,1788210585.861235,5.000,3.570
1788210585.867349,1788210585.869318,1.969,0.413
1788210585.873313,1788210585.876297,2.985,2.986
1788210585.883290,1788210585.885345,2.055,0.531
1788210585.890245,1788210585.893319,3.074,2.451
1788210585.899237,1788210585.900399,1.162,0.519
1788210585.907411,1788210585.908989,1.578,1.096
1788210585.915941,1788210585.916943,1.002,0.644
1788210585.924130,1788210585.925070,0.940,0.403
1788210585.932024,1788210585.933032,1.008,0.349
1788210585.940566,1788210585.941640,1.074,0.121
1788210585.945615,1788210585.949188,3.573,2.650
1788210585.948190,1788210585.957277,9.087,7.180
1788210585.961193,1788210585.965191,3.998,3.239
1788210585.965191,1788210585.973270,8.079,7.411
1788210585.976345,1788210585.981643,5.299,3.759
1788210585.982709,1788210585.989644,6.935,6.159
1788210585.992643,1788210585.997640,4.997,4.330
1788210585.998640,1788210586.005665,7.025,5.692
1788210586.007759,1788210586.013712,5.953,4.660
1788210586.014667,1788210586.021206,6.540,5.827
1788210586.023205,1788210586.029552,6.347,4.785
1788210586.031551,1788210586.037572,6.021,5.239
1788210586.039562,1788210586.044932,5.370,4.481
1788210586.048471,1788210586.053464,4.992,4.406
1788210586.057464,1788210586.061482,4.018,3.705
1788210586.065464,1788210586.069470,4.007,3.619
1788210586.073463,1788210586.077465,4.001,2.954
1788210586.081466,1788210586.085950,4.484,2.932
1788210586.089945,1788210586.092999,3.055,2.549
1788210586.098999,1788210586.101351,2.352,1.497
1788210586.106345,1788210586.109352,3.007,2.698
1788210586.115345,1788210586.117343,1.998,1.722
1788210586.123360,1788210586.125479,2.118,1.699
1788210586.132823,1788210586.133828,1.005,0.632
1788210586.139974,1788210586.140967,0.993,0.923
1788210586.147614,1788210586.149117,1.503,0.704
1788210586.157133,1788210586.158160,1.027,0.318
1788210586.165182,1788210586.166229,1.047,0.404
1788210586.165182,1788210586.173179,7.998,8.415
1788210586.176411,1788210586.181401,4.990,5.284
1788210586.181401,1788210586.189401,8.000,7.340
1788210586.192406,1788210586.197933,5.527,4.854
1788210586.197933,1788210586.205936,8.003,7.021
1788210586.206943,1788210586.214225,7.282,6.175
1788210586.215221,1788210586.222309,7.087,5.988
1788210586.223302,1788210586.229758,6.457,6.140
1788210586.230753,1788210586.237778,7.025,6.132
1788210586.239780,1788210586.245776,5.996,5.540
1788210586.248278,1788210586.254305,6.027,4.914
1788210586.256302,1788210586.261333,5.031,5.203
1788210586.264342,1788210586.269545,5.203,4.993
1788210586.272807,1788210586.277323,4.516,4.271
1788210586.285851,1788210586.285851,0.000,0.063
1788210586.289843,1788210586.293905,4.063,3.684
1788210586.301487,1788210586.302058,0.571,0.360
1788210586.305972,1788210586.309787,3.815,3.590
1788210586.316361,1788210586.317908,1.547,1.166
1788210586.323225,1788210586.326094,2.869,2.219
1788210586.332129,1788210586.334146,2.017,1.254
1788210586.339786,1788210586.341856,2.070,1.169
1788210586.348316,1788210586.350455,2.138,0.784
1788210586.357333,1788210586.358467,1.133,0.471
1788210586.365395,1788210586.366459,1.063,0.082
1788210586.373399,1788210586.374401,1.002,0.406
1788210586.381767,1788210586.382763,0.996,0.046
1788210586.389962,1788210586.391038,1.076,0.035
1788210586.394958,1788210586.398955,3.997,2.959
1788210586.398955,1788210586.406953,7.998,7.053
1788210586.410959,1788210586.414984,4.025,2.944
1788210586.414984,1788210586.422511,7.526,6.645
1788210586.425567,1788210586.430437,4.869,4.135
1788210586.431434,1788210586.438839,7.405,6.080
1788210586.440843,1788210586.446844,6.001,4.797
1788210586.448356,1788210586.454475,6.119,5.569
1788210586.457371,1788210586.462481,5.111,4.754
1788210586.464906,1788210586.470898,5.992,4.740
1788210586.473901,1788210586.478900,4.999,4.337
1788210586.481901,1788210586.486897,4.996,4.572
1788210586.489284,1788210586.494410,5.126,4.599
1788210586.498374,1788210586.503304,4.930,4.073
1788210586.507301,1788210586.510490,3.189,3.226
1788210586.516562,1788210586.518493,1.931,1.831
1788210586.524734,1788210586.526751,2.017,1.203
1788210586.532799,1788210586.534796,1.997,1.379
1788210586.540314,1788210586.542383,2.069,2.133
1788210586.547948,1788210586.550567,2.619,2.113
1788210586.556458,1788210586.558594,2.136,1.996
1788210586.565164,1788210586.567184,2.020,1.068
1788210586.573094,1788210586.575191,2.097,1.812
1788210586.581322,1788210586.583322,2.000,0.901
1788210586.590317,1788210586.591406,1.089,0.412
1788210586.598334,1788210586.599436,1.101,0.149
1788210586.598334,1788210586.607332,8.997,8.181
1788210586.610641,1788210586.615180,4.538,3.824
1788210586.615180,1788210586.623276,8.096,7.051
1788210586.626181,1788210586.631364,5.183,5.016
1788210586.632368,1788210586.639385,7.018,6.447
1788210586.641384,1788210586.647497,6.113,5.432
1788210586.648987,1788210586.655085,6.098,5.906
1788210586.657068,1788210586.663064,5.996,6.140
1788210586.665013,1788210586.671048,6.035,5.408
1788210586.674017,1788210586.680059,6.042,5.136
1788210586.686081,1788210586.687006,0.925,0.526
1788210586.690005,1788210586.695002,4.997,4.555
1788210586.701007,1788210586.704059,3.052,1.373
1788210586.707003,1788210586.711048,4.045,3.776
1788210586.717040,1788210586.719006,1.966,1.707
1788210586.724007,1788210586.728122,4.115,3.158
1788210586.733076,1788210586.736026,2.951,1.644
1788210586.740021,1788210586.743547,3.526,2.838
1788210586.749134,1788210586.751203,2.069,1.643
1788210586.757152,1788210586.759827,2.676,1.926
1788210586.764845,1788210586.767845,3.000,2.108
1788210586.773844,1788210586.774844,1.000,1.075
1788210586.782431,1788210586.783487,1.056,0.743
1788210586.790548,1788210586.791465,0.917,0.452
1788210586.798440,1788210586.799816,1.377,0.422
1788210586.806834,1788210586.808173,1.338,0.072
1788210586.811190,1788210586.816529,5.338,4.376
1788210586.823064,1788210586.823064,0.000,0.030
1788210586.830697,1788210586.831622,0.925,0.297
1788210586.831622,1788210586.839835,8.212,7.092
1788210586.841151,1788210586.848163,7.012,6.166
1788210586.848163,1788210586.855748,7.585,6.774
1788210586.857691,1788210586.863699,6.008,5.545
1788210586.864691,1788210586.872124,7.432,5.983
1788210586.873118,1788210586.880123,7.005,6.309
1788210586.882118,1788210586.888126,6.008,5.705
1788210586.890177,1788210586.896227,6.050,5.166
1788210586.903187,1788210586.904389,1.202,0.212
1788210586.906409,1788210586.912482,6.073,4.591
1788210586.919407,1788210586.919407,0.000,0.292
1788210586.922804,1788210586.927866,5.061,4.055
1788210586.934803,1788210586.935811,1.008,0.561
1788210586.940312,1788210586.944040,3.728,3.344
1788210586.949549,1788210586.952568,3.019,2.170
1788210586.956573,1788210586.960616,4.044,2.752
1788210586.964623,1788210586.968180,3.557,2.620
1788210586.973106,1788210586.976213,3.107,1.978
1788210586.981103,1788210586.984214,3.110,1.916
1788210586.990176,1788210586.992638,2.461,1.025
1788210586.998835,1788210586.999833,0.998,0.652
1788210587.006809,1788210587.008847,2.038,0.571
1788210587.015367,1788210587.016612,1.245,0.214
1788210587.023421,1788210587.024380,0.959,0.373
1788210587.031816,1788210587.031816,0.000,0.238
1788210587.039846,1788210587.039846,0.000,0.281
1788210587.042022,1788210587.048018,5.996,6.234
1788210587.048018,1788210587.056595,8.576,7.274
1788210587.057596,1788210587.064591,6.995,6.597
1788210587.071600,1788210587.071600,0.000,0.065
1788210587.072888,1788210587.080279,7.391,6.644
1788210587.086738,1788210587.088097,1.360,0.868
1788210587.090115,1788210587.096166,6.051,5.867
1788210587.101460,1788210587.104479,3.019,2.214
1788210587.106494,1788210587.112497,6.003,5.136
1788210587.117494,1788210587.120594,3.100,2.659
1788210587.122491,1788210587.128509,6.018,5.197
1788210587.133509,1788210587.136846,3.337,2.883
1788210587.139847,1788210587.144396,4.550,4.031
1788210587.148386,1788210587.152325,3.940,3.008
1788210587.157318,1788210587.160324,3.005,2.895
1788210587.164321,1788210587.168325,4.004,3.458
1788210587.173320,1788210587.176331,3.011,2.995
1788210587.182324,1788210587.184862,2.538,2.045
1788210587.189863,1788210587.192863,3.000,2.135
1788210587.198862,1788210587.201127,2.265,1.562
1788210587.206121,1788210587.208426,2.305,1.461
1788210587.215410,1788210587.216417,1.006,0.829
1788210587.223408,1788210587.224418,1.010,0.709
1788210587.231719,1788210587.232722,1.003,0.903
1788210587.239260,1788210587.240252,0.992,0.605
1788210587.247478,1788210587.248477,0.999,0.335
1788210587.256037,1788210587.256037,0.000,0.037
1788210587.259345,1788210587.264345,5.000,5.395
1788210587.265342,1788210587.272877,7.535,6.876
1788210587.273891,1788210587.280928,7.037,6.375
1788210587.280928,1788210587.288929,8.001,6.935
1788210587.289929,1788210587.296930,7.002,6.487
1788210587.303936,1788210587.304930,0.994,0.147
1788210587.306933,1788210587.312935,6.002,5.929
1788210587.314945,1788210587.320948,6.003,5.318
1788210587.322950,1788210587.328335,5.385,4.816
1788210587.335895,1788210587.336890,0.995,0.442
1788210587.339892,1788210587.344450,4.559,4.846
1788210587.352518,1788210587.352518,0.000,0.019
1788210587.356961,1788210587.360518,3.558,3.784
1788210587.368091,1788210587.369109,1.018,0.040
1788210587.373100,1788210587.377102,4.002,2.876
1788210587.382208,1788210587.384805,2.597,2.094
1788210587.390270,1788210587.393328,3.058,2.452
1788210587.399268,1788210587.401340,2.073,1.460
1788210587.407330,1788210587.409271,1.941,1.150
1788210587.415640,1788210587.417711,2.070,1.076
1788210587.423703,1788210587.424685,0.982,1.349
1788210587.432039,1788210587.433473,1.434,0.298
1788210587.440548,1788210587.441511,0.962,0.409
1788210587.448509,1788210587.450094,1.585,0.383
1788210587.457118,1788210587.458113,0.995,0.109
1788210587.458113,1788210587.466116,8.003,6.723
1788210587.473164,1788210587.473164,0.000,0.170
1788210587.473164,1788210587.481542,8.378,7.591
1788210587.488599,1788210587.489894,1.296,0.271
1788210587.489894,1788210587.498009,8.115,6.986
1788210587.504030,1788210587.505992,1.962,0.843
1788210587.506911,1788210587.514024,7.113,6.021
1788210587.518913,1788210587.522215,3.302,1.805
1788210587.523189,1788210587.530196,7.006,5.493
1788210587.535194,1788210587.538198,3.003,2.603
1788210587.540191,1788210587.545880,5.689,5.616
1788210587.548830,1788210587.553258,4.428,4.441
1788210587.556180,1788210587.561244,5.064,5.394
1788210587.564178,1788210587.569802,5.624,4.672
1788210587.572691,1788210587.577749,5.058,4.905
1788210587.581696,1788210587.585700,4.004,3.984
1788210587.589689,1788210587.593700,4.011,3.511
1788210587.598147,1788210587.602154,4.007,3.440
1788210587.606148,1788210587.610153,4.005,3.128
1788210587.614573,1788210587.617697,3.124,2.688
1788210587.622594,1788210587.626018,3.423,2.664
1788210587.631448,1788210587.633545,2.097,1.961
1788210587.640571,1788210587.641627,1.055,1.412
1788210587.648571,1788210587.650623,2.051,0.696
1788210587.657216,1788210587.658277,1.061,0.567
1788210587.665265,1788210587.666276,1.011,0.308
1788210587.673217,1788210587.674216,0.998,0.327
1788210587.674216,1788210587.682328,8.113,7.596
1788210587.682328,1788210587.690218,7.889,7.428
1788210587.690218,1788210587.698212,7.995,7.016
1788210587.705305,1788210587.706218,0.912,0.224
1788210587.707218,1788210587.714279,7.061,6.781
1788210587.721283,1788210587.722218,0.936,0.069
1788210587.724219,1788210587.730284,6.065,5.966
1788210587.737330,1788210587.739278,1.948,0.411
1788210587.740339,1788210587.746536,6.197,5.618
1788210587.753123,1788210587.755147,2.024,0.412
1788210587.757164,1788210587.763220,6.056,4.302
1788210587.768806,1788210587.770803,1.997,1.011
1788210587.773800,1788210587.778892,5.091,4.092
1788210587.783918,1788210587.787245,3.327,2.005
1788210587.791291,1788210587.795246,3.955,3.130
1788210587.799243,1788210587.803319,4.076,2.711
1788210587.807244,1788210587.811306,4.062,2.570
1788210587.816246,1788210587.819248,3.002,2.518
1788210587.824251,1788210587.827247,2.996,2.180
1788210587.832348,1788210587.835287,2.939,1.870
1788210587.840322,1788210587.842918,2.596,1.335
1788210587.848824,1788210587.849819,0.994,1.031
1788210587.857607,1788210587.858701,1.094,1.201
1788210587.865592,1788210587.867594,2.001,0.557
1788210587.873592,1788210587.875655,2.064,0.549
1788210587.881593,1788210587.882591,0.998,0.365
1788210587.890589,1788210587.890589,0.000,0.205
1788210587.891587,1788210587.898591,7.004,6.724
1788210587.899662,1788210587.906659,6.997,7.235
1788210587.907921,1788210587.915097,7.176,6.115
1788210587.922099,1788210587.923034,0.935,0.312
1788210587.924033,1788210587.931052,7.020,6.678
1788210587.938056,1788210587.939125,1.068,0.436
1788210587.941052,1788210587.947313,6.261,5.992
1788210587.953952,1788210587.954956,1.004,1.189
1788210587.956956,1788210587.962956,6.000,5.243
1788210587.968973,1788210587.971007,2.034,1.402
1788210587.974052,1788210587.979545,5.493,4.360
1788210587.984664,1788210587.987906,3.242,1.719
1788210587.989995,1788210587.995907,5.912,4.443
1788210588.000022,1788210588.003908,3.887,2.570
1788210588.006926,1788210588.011977,5.052,3.526
1788210588.015932,1788210588.019928,3.996,3.208
1788210588.023526,1788210588.027529,4.004,2.808
1788210588.032556,1788210588.035477,2.921,2.410
1788210588.040476,1788210588.043487,3.011,2.025
1788210588.048820,1788210588.050771,1.951,1.914
1788210588.057311,1788210588.059308,1.998,1.577
1788210588.065714,1788210588.067720,2.006,1.664
1788210588.073722,1788210588.075711,1.990,1.148
1788210588.081712,1788210588.083726,2.014,1.207
1788210588.089712,1788210588.091732,2.020,0.887
1788210588.098715,1788210588.099724,1.010,0.312
1788210588.106715,1788210588.107718,1.003,0.065
1788210588.108717,1788210588.115717,7.000,6.151
1788210588.115717,1788210588.123715,7.998,7.474
1788210588.124759,1788210588.131778,7.018,6.518
1788210588.131778,1788210588.139789,8.012,7.032
1788210588.140787,1788210588.147307,6.520,6.696
1788210588.149063,1788210588.155784,6.721,6.506
1788210588.157708,1788210588.163708,6.000,5.766
1788210588.170520,1788210588.172055,1.536,0.231
1788210588.174185,1788210588.180671,6.485,5.296
1788210588.185758,1788210588.187907,2.149,1.066
1788210588.190898,1788210588.195979,5.080,4.444
1788210588.200947,1788210588.203898,2.951,2.088
1788210588.206902,1788210588.211946,5.044,3.970
1788210588.216966,1788210588.220534,3.567,2.176
1788210588.223563,1788210588.228483,4.920,3.439
1788210588.232541,1788210588.235694,3.153,2.320
1788210588.240889,1788210588.243915,3.026,2.560
1788210588.248808,1788210588.252810,4.002,2.700
1788210588.257348,1788210588.260348,3.000,2.123
1788210588.266353,1788210588.268356,2.003,1.572
1788210588.274628,1788210588.275632,1.004,1.386
1788210588.282276,1788210588.284329,2.053,1.280
1788210588.290335,1788210588.292282,1.947,1.390
1788210588.299045,1788210588.299972,0.927,0.174
1788210588.306967,1788210588.307967,0.999,0.098
1788210588.315402,1788210588.316520,1.119,0.353
1788210588.323591,1788210588.324991,1.399,0.336
1788210588.332008,1788210588.333073,1.065,0.035
1788210588.332008,1788210588.341627,9.619,7.234
1788210588.341627,1788210588.349307,7.679,6.669
1788210588.347709,1788210588.356123,8.414,7.049
1788210588.356123,1788210588.364501,8.378,7.222
1788210588.365505,1788210588.372538,7.033,6.751
1788210588.374048,1788210588.380805,6.757,5.473
1788210588.387036,1788210588.388436,1.400,0.968
1788210588.390258,1788210588.396648,6.390,5.776
1788210588.402649,1788210588.404651,2.002,0.936
1788210588.406688,1788210588.412728,6.040,4.809
1788210588.418012,1788210588.421010,2.998,2.038
1788210588.424016,1788210588.429008,4.993,4.381
1788210588.433983,1788210588.436996,3.013,2.662
1788210588.439997,1788210588.444997,4.999,3.749
1788210588.449626,1788210588.453158,3.532,2.239
1788210588.456173,1788210588.461179,5.006,3.649
1788210588.466229,1788210588.469379,3.150,2.127
1788210588.473331,1788210588.477320,3.989,2.773
1788210588.481385,1788210588.484769,3.384,3.095
1788210588.489769,1788210588.492772,3.002,2.872
1788210588.498765,1788210588.500940,2.175,1.674
1788210588.506951,1788210588.509242,2.291,1.796
1788210588.515247,1788210588.516873,1.626,1.232
1788210588.523751,1788210588.525192,1.440,1.010
1788210588.532240,1788210588.533314,1.074,0.715
1788210588.540284,1788210588.540821,0.537,0.607
1788210588.548207,1788210588.549227,1.020,0.045
1788210588.556436,1788210588.557372,0.935,0.144
1788210588.557372,1788210588.565374,8.002,6.894
1788210588.572380,1788210588.573374,0.994,0.466
1788210588.574369,1788210588.581300,6.932,6.580
1788210588.581300,1788210588.589302,8.002,7.093
1788210588.590813,1788210588.596827,6.014,6.208
1788210588.604137,1788210588.605152,1.015,1.054
1788210588.607151,1788210588.613337,6.186,5.958
1788210588.619720,1788210588.621266,1.546,1.137
1788210588.623259,1788210588.629264,6.004,5.720
1788210588.635259,1788210588.637713,2.454,1.196
1788210588.639734,1788210588.645730,5.996,4.672
1788210588.650730,1788210588.653766,3.036,2.141
1788210588.655791,1788210588.661778,5.987,4.729
1788210588.665786,1788210588.669102,3.316,2.848
1788210588.674106,1788210588.678110,4.004,3.207
1788210588.682101,1788210588.686101,4.000,2.676
1788210588.690101,1788210588.694110,4.009,3.195
1788210588.698257,1788210588.701520,3.263,2.817
1788210588.706513,1788210588.709515,3.002,2.161
1788210588.714855,1788210588.717895,3.039,1.810
1788210588.723882,1788210588.725872,1.990,1.509
1788210588.731998,1788210588.734068,2.069,1.270
1788210588.740216,1788210588.742191,1.975,1.016
1788210588.748194,1788210588.749112,0.918,0.844
1788210588.757083,1788210588.758075,0.992,0.148
1788210588.765075,1788210588.766074,0.999,0.057
1788210588.765075,1788210588.774076,9.002,8.177
1788210588.774076,1788210588.782077,8.001,7.188
1788210588.789159,1788210588.790075,0.916,0.198
1788210588.790075,1788210588.797776,7.701,7.290
1788210588.804772,1788210588.806695,1.923,0.381
1788210588.806695,1788210588.813776,7.081,6.427
1788210588.820875,1788210588.821893,1.018,0.290
1788210588.823892,1788210588.830585,6.693,5.852
1788210588.836581,1788210588.838579,1.998,0.664
1788210588.840596,1788210588.846677,6.081,5.062
1788210588.852666,1788210588.854174,1.508,0.846
1788210588.857213,1788210588.862288,5.076,4.413
1788210588.868271,1788210588.870265,1.994,1.064
1788210588.873263,1788210588.878262,4.999,4.230
1788210588.883273,1788210588.886265,2.993,2.124
1788210588.890270,1788210588.894279,4.009,3.408
1788210588.900385,1788210588.902296,1.910,1.672
1788210588.907275,1788210588.910265,2.990,2.658
1788210588.915189,1788210588.918279,3.090,2.388
1788210588.923275,1788210588.926264,2.989,2.068
1788210588.931189,1788210588.934261,3.072,1.949
1788210588.940284,1788210588.942362,2.079,1.603
1788210588.948363,1788210588.950372,2.009,1.389
1788210588.956169,1788210588.958196,2.028,1.687
1788210588.965162,1788210588.966156,0.994,0.791
1788210588.973137,1788210588.974081,0.943,0.383
1788210588.980886,1788210588.982850,1.965,0.570
1788210588.980886,1788210588.990869,9.984,8.592
1788210588.997844,1788210588.998789,0.945,0.040
1788210588.998789,1788210589.006989,8.199,7.594
1788210589.006989,1788210589.014969,7.980,7.095
1788210589.015882,1788210589.022676,6.795,6.389
1788210589.023671,1788210589.030658,6.987,6.528
1788210589.031667,1788210589.038656,6.989,6.418
1788210589.039678,1788210589.046760,7.082,6.162
1788210589.048769,1788210589.055397,6.627,5.575
1788210589.057461,1788210589.063484,6.023,5.224
1788210589.070477,1788210589.071479,1.002,0.071
1788210589.073471,1788210589.079468,5.997,4.730
1788210589.085473,1788210589.087483,2.010,0.662
1788210589.089490,1788210589.095486,5.996,4.454
1788210589.101484,1788210589.103447,1.963,0.824
1788210589.106545,1788210589.111439,4.894,3.612
1788210589.117500,1788210589.119437,1.937,0.877
1788210589.123513,1788210589.127536,4.023,2.568
1788210589.134437,1788210589.135519,1.082,0.475
1788210589.140633,1788210589.143549,2.916,2.267
1788210589.149606,1788210589.151526,1.920,0.991
1788210589.156928,1788210589.158929,2.001,1.627
1788210589.164952,1788210589.166942,1.990,1.615
1788210589.173846,1788210589.174944,1.098,1.143
1788210589.182431,1788210589.183506,1.075,0.092
1788210589.190547,1788210589.191503,0.957,0.370
1788210589.198431,1788210589.199428,0.996,0.060
1788210589.206428,1788210589.207430,1.002,0.062
1788210589.213554,1788210589.215506,1.952,1.414
1788210589.215506,1788210589.223498,7.992,7.290
1788210589.228523,1788210589.231504,2.981,2.509
1788210589.231504,1788210589.239521,8.016,7.192
1788210589.244637,1788210589.247647,3.010,2.943
1788210589.247647,1788210589.255138,7.492,7.386
1788210589.259249,1788210589.264227,4.978,3.894
1788210589.265153,1788210589.271929,6.776,5.634
1788210589.274934,1788210589.279929,4.996,3.907
1788210589.281651,1788210589.287652,6.001,5.234
1788210589.290577,1788210589.295649,5.072,4.782
1788210589.298613,1788210589.303682,5.069,4.679
1788210589.306572,1788210589.311689,5.117,4.335
1788210589.315567,1788210589.319639,4.072,4.057
1788210589.323653,1788210589.327717,4.063,3.573
1788210589.332655,1788210589.336366,3.711,3.449
1788210589.340391,1788210589.344391,4.000,3.236
1788210589.349391,1788210589.352390,2.999,2.799
1788210589.356434,1788210589.360519,4.085,3.284
1788210589.365548,1788210589.368512,2.963,2.846
1788210589.373620,1788210589.376609,2.989,2.543
1788210589.381901,1788210589.384900,2.999,1.693
1788210589.390025,1788210589.392944,2.919,1.464
1788210589.399045,1788210589.400946,1.901,1.118
1788210589.407023,1788210589.408945,1.921,0.701
1788210589.415949,1788210589.416975,1.025,0.055
1788210589.424049,1788210589.424949,0.900,0.270
1788210589.431948,1788210589.432949,1.001,0.060
1788210589.439945,1788210589.440958,1.013,0.059
1788210589.446961,1788210589.448952,1.991,1.264
1788210589.448952,1788210589.456625,7.673,7.270
1788210589.462725,1788210589.464711,1.986,1.895
1788210589.465629,1788210589.472712,7.083,6.799
1788210589.477635,1788210589.480746,3.111,2.902
1788210589.482634,1788210589.488704,6.070,6.139
1788210589.492718,1788210589.496702,3.984,4.252
1788210589.498729,1788210589.504935,6.205,5.863
1788210589.508036,1788210589.513035,4.999,4.753
1788210589.515031,1788210589.521025,5.995,5.176
1788210589.524024,1788210589.529026,5.001,4.485
1788210589.532030,1788210589.537030,5.000,4.258
1788210589.541036,1788210589.545461,4.425,3.951
1788210589.548461,1788210589.552536,4.074,3.714
1788210589.559585,1788210589.561582,1.997,1.373
1788210589.565581,1788210589.569588,4.006,3.138
1788210589.573627,1788210589.577635,4.009,3.177
1788210589.584744,1788210589.585742,0.998,0.119
1788210589.590260,1788210589.593276,3.015,2.440
1788210589.600290,1788210589.601290,1.001,0.203
1788210589.606289,1788210589.609282,2.993,2.024
1788210589.616535,1788210589.617547,1.012,0.403
1788210589.623548,1788210589.625549,2.001,1.187
1788210589.632544,1788210589.633549,1.005,0.800
1788210589.640544,1788210589.641551,1.007,0.442
1788210589.648553,1788210589.649554,1.002,0.099
1788210589.648553,1788210589.657065,8.512,8.140
1788210589.662606,1788210589.665609,3.003,2.253
1788210589.665609,1788210589.673609,8.000,7.267
1788210589.676607,1788210589.681609,5.003,4.045
1788210589.681609,1788210589.689610,8.000,7.270
1788210589.692610,1788210589.697609,4.999,4.360
1788210589.698609,1788210589.705604,6.995,5.953
1788210589.708609,1788210589.713790,5.181,4.122
1788210589.715807,1788210589.721789,5.982,5.773
1788210589.723908,1788210589.730138,6.230,5.268
1788210589.732176,1788210589.738193,6.017,5.526
1788210589.740071,1788210589.746190,6.119,4.991
1788210589.749168,1788210589.754153,4.985,4.676
1788210589.757451,1788210589.762459,5.008,4.434
1788210589.765455,1788210589.769652,4.197,3.798
1788210589.773782,1788210589.777801,4.019,3.477
1788210589.781837,1788210589.785368,3.531,2.770
1788210589.790830,1788210589.793830,3.000,2.735
1788210589.800861,1788210589.801896,1.035,0.418
1788210589.807832,1788210589.809875,2.043,2.067
1788210589.814994,1788210589.818056,3.062,1.307
1788210589.823994,1788210589.826106,2.112,1.277
1788210589.832236,1788210589.834257,2.021,0.980
1788210589.840254,1788210589.842554,2.300,1.029
1788210589.848768,1788210589.849890,1.121,1.164
1788210589.857425,1788210589.858547,1.122,0.545
1788210589.865439,1788210589.866440,1.002,0.314
1788210589.873441,1788210589.874438,0.997,0.334
1788210589.881436,1788210589.882455,1.019,0.467
1788210589.889444,1788210589.890440,0.995,0.109
1788210589.893443,1788210589.898652,5.208,4.059
1788210589.898652,1788210589.906653,8.002,7.273
1788210589.908648,1788210589.914701,6.053,5.226
1788210589.915704,1788210589.922703,6.999,6.555
1788210589.923703,1788210589.930090,6.387,5.872
1788210589.932096,1788210589.938094,5.998,5.479
1788210589.940089,1788210589.946469,6.380,5.480
1788210589.948474,1788210589.954474,6.000,5.035
1788210589.957007,1788210589.963089,6.082,5.088
1788210589.965087,1788210589.970277,5.190,4.639
1788210589.973269,1788210589.978276,5.007,4.933
1788210589.982270,1788210589.986274,4.003,3.818
1788210589.990272,1788210589.994368,4.096,3.542
1788210590.001379,1788210590.002271,0.892,0.340
1788210590.009054,1788210590.011048,1.994,1.211
1788210590.018050,1788210590.018050,0.000,0.263
1788210590.023285,1788210590.026375,3.090,2.634
1788210590.032371,1788210590.034462,2.091,1.610
1788210590.040454,1788210590.042547,2.092,1.961
1788210590.048623,1788210590.051128,2.505,1.444
1788210590.056104,1788210590.058635,2.530,1.733
1788210590.064638,1788210590.066736,2.099,1.245
1788210590.073631,1788210590.075141,1.511,0.623
1788210590.080991,1788210590.082005,1.014,0.801
1788210590.080991,1788210590.091045,10.054,8.821
1788210590.093055,1788210590.099007,5.952,5.096
1788210590.099007,1788210590.107055,8.048,7.451
1788210590.109062,1788210590.114435,5.374,4.911
1788210590.114435,1788210590.122434,7.999,7.534
1788210590.124366,1788210590.130438,6.072,5.670
1788210590.132369,1788210590.139367,6.998,6.150
1788210590.141491,1788210590.146517,5.025,5.380
1788210590.148511,1788210590.154517,6.006,5.619
1788210590.157562,1788210590.162412,4.850,4.743
1788210590.165412,1788210590.170418,5.006,4.966
1788210590.173416,1788210590.178999,5.582,4.622
1788210590.185999,1788210590.186998,0.999,0.664
1788210590.189513,1788210590.194524,5.011,4.497
1788210590.201534,1788210590.202527,0.993,1.127
1788210590.206524,1788210590.210869,4.344,3.450
1788210590.215834,1788210590.218814,2.980,2.509
1788210590.222765,1788210590.227090,4.325,3.402
1788210590.232088,1788210590.234831,2.743,2.470
1788210590.239401,1788210590.242944,3.543,2.813
1788210590.248945,1788210590.250947,2.002,1.866
1788210590.257453,1788210590.258573,1.120,1.212
1788210590.265509,1788210590.267529,2.020,1.120
1788210590.273844,1788210590.274809,0.966,0.719
1788210590.282349,1788210590.283347,0.998,0.669
1788210590.290351,1788210590.291346,0.995,0.657
1788210590.298873,1788210590.299882,1.009,0.049
1788210590.305993,1788210590.307065,1.072,0.121
1788210590.308091,1788210590.315005,6.914,6.379
1788210590.323529,1788210590.324529,1.000,0.436
1788210590.331566,1788210590.332564,0.998,0.109
1788210590.340205,1788210590.340205,0.000,0.148
1788210590.340205,1788210590.349320,9.116,8.175
1788210590.355330,1788210590.357321,1.991,1.282
1788210590.357321,1788210590.364573,7.252,6.939
1788210590.369574,1788210590.373124,3.550,2.656
1788210590.373124,1788210590.381140,8.015,6.674
1788210590.385456,1788210590.388973,3.517,2.385
1788210590.390990,1788210590.396989,5.999,5.513
1788210590.401993,1788210590.404986,2.993,2.791
1788210590.406988,1788210590.412995,6.007,5.277
1788210590.414986,1788210590.421241,6.255,4.939
1788210590.424234,1788210590.429239,5.005,4.513
1788210590.431235,1788210590.437241,6.006,4.979
1788210590.439234,1788210590.444761,5.527,4.722
1788210590.447926,1788210590.452915,4.988,4.288
1788210590.460471,1788210590.460471,0.000,0.026
1788210590.464458,1788210590.468724,4.266,3.663
1788210590.476285,1788210590.477268,0.983,0.232
1788210590.482269,1788210590.485265,2.996,2.561
1788210590.492285,1788210590.493772,1.487,0.229
1788210590.498793,1788210590.500810,2.017,1.655
1788210590.507796,1788210590.509936,2.139,0.529
1788210590.515945,1788210590.517003,1.058,0.931
1788210590.524057,1788210590.524981,0.924,0.969
1788210590.532019,1788210590.532936,0.917,0.959
1788210590.539935,1788210590.541388,1.453,0.109
1788210590.548480,1788210590.549488,1.008,0.212
1788210590.554534,1788210590.558016,3.482,1.705
1788210590.557485,1788210590.565688,8.203,7.250
1788210590.571786,1788210590.573785,2.000,1.255
1788210590.573785,1788210590.581783,7.997,7.183
1788210590.586298,1788210590.589319,3.021,2.621
1788210590.590313,1788210590.597532,7.219,6.679
1788210590.601482,1788210590.605627,4.145,3.229
1788210590.606628,1788210590.613334,6.706,6.405
1788210590.618329,1788210590.621332,3.003,2.965
1788210590.623328,1788210590.629432,6.104,5.173
1788210590.633332,1788210590.637334,4.002,3.374
1788210590.640336,1788210590.645409,5.074,5.130
1788210590.649459,1788210590.654009,4.549,3.433
1788210590.656065,1788210590.661225,5.160,4.180
1788210590.665224,1788210590.669229,4.004,3.586
1788210590.674226,1788210590.677229,3.003,3.144
1788210590.681260,1788210590.685837,4.577,2.942
1788210590.690737,1788210590.693737,3.000,2.563
1788210590.698736,1788210590.701791,3.055,2.455
1788210590.706736,1788210590.709789,3.052,1.746
1788210590.715748,1788210590.717744,1.996,1.385
1788210590.723736,1788210590.725798,2.062,1.492
1788210590.732220,1788210590.734226,2.006,1.184
1788210590.740220,1788210590.741342,1.122,0.576
1788210590.748923,1788210590.749610,0.688,0.713
1788210590.757382,1788210590.757943,0.561,0.193
1788210590.765291,1788210590.765922,0.631,0.200
1788210590.773392,1788210590.773966,0.574,0.259
1788210590.773392,1788210590.781353,7.961,7.703
1788210590.788918,1788210590.789925,1.007,0.769
1788210590.789925,1788210590.797916,7.991,7.121
1788210590.802916,1788210590.805997,3.081,2.326
1788210590.806983,1788210590.813936,6.952,6.139
1788210590.818229,1788210590.822224,3.995,2.825
1788210590.823776,1788210590.829797,6.021,5.882
1788210590.833796,1788210590.837600,3.803,3.227
1788210590.840605,1788210590.845623,5.018,4.816
1788210590.849625,1788210590.853624,3.999,3.566
1788210590.856628,1788210590.862183,5.555,4.498
1788210590.865188,1788210590.870189,5.001,4.026
1788210590.873185,1788210590.877662,4.477,3.990
1788210590.881706,1788210590.886084,4.379,3.701
1788210590.890066,1788210590.894070,4.004,3.521
1788210590.898067,1788210590.902067,4.000,3.007
1788210590.907065,1788210590.910066,3.001,2.306
1788210590.915067,1788210590.918067,3.000,2.443
1788210590.923063,1788210590.926071,3.008,2.319
1788210590.932067,1788210590.934072,2.005,1.612
1788210590.940068,1788210590.942073,2.005,1.259
1788210590.949075,1788210590.950077,1.002,0.435
1788210590.957081,1788210590.958597,1.516,0.856
1788210590.964886,1788210590.966892,2.005,0.773
1788210590.973901,1788210590.974964,1.062,0.123
1788210590.982488,1788210590.983235,0.747,0.276
1788210590.990249,1788210590.991333,1.084,0.070
1788210590.997895,1788210590.998899,1.004,0.100
1788210591.005898,1788210591.006897,0.998,0.103
1788210591.006897,1788210591.014912,8.015,7.433
1788210591.020912,1788210591.023421,2.510,1.698
1788210591.023421,1788210591.030700,7.279,7.522
1788210591.037704,1788210591.038702,0.998,0.720
1788210591.039699,1788210591.047180,7.481,7.216
1788210591.052174,1788210591.055165,2.991,2.905
1788210591.057168,1788210591.063714,6.546,5.508
1788210591.068701,1788210591.071227,2.527,2.359
1788210591.072751,1788210591.079762,7.010,5.930
1788210591.083761,1788210591.087751,3.990,2.997
1788210591.089761,1788210591.095220,5.460,4.926
1788210591.099843,1788210591.102853,3.011,3.304
1788210591.105859,1788210591.111859,6.000,4.702
1788210591.114854,1788210591.118855,4.001,3.563
1788210591.122852,1788210591.127856,5.004,3.952
1788210591.131855,1788210591.135856,4.001,3.349
1788210591.139856,1788210591.143858,4.003,2.788
1788210591.149173,1788210591.151174,2.001,2.032
1788210591.157176,1788210591.159692,2.516,1.817
1788210591.165251,1788210591.167254,2.002,1.559
1788210591.173253,1788210591.175251,1.998,1.428
1788210591.181446,1788210591.183694,2.247,1.440
1788210591.190320,1788210591.192320,1.999,0.660
1788210591.198850,1788210591.199863,1.013,0.424
1788210591.206857,1788210591.207855,0.998,0.376
1788210591.214855,1788210591.215854,0.999,0.224
1788210591.222851,1788210591.223853,1.002,0.110
1788210591.223853,1788210591.231857,8.004,7.396
1788210591.231857,1788210591.239856,7.998,6.970
1788210591.240855,1788210591.247866,7.011,6.913
1788210591.253872,1788210591.255878,2.007,1.236
1788210591.256874,1788210591.264401,7.527,6.314
1788210591.269404,1788210591.272556,3.152,1.678
1788210591.273698,1788210591.279882,6.184,5.504
1788210591.285532,1788210591.288536,3.003,2.348
1788210591.290531,1788210591.296596,6.065,4.531
1788210591.299604,1788210591.303595,3.992,3.951
1788210591.307601,1788210591.311594,3.993,3.925
1788210591.315594,1788210591.320595,5.000,3.553
1788210591.323608,1788210591.328608,5.000,4.222
1788210591.332609,1788210591.336613,4.004,3.385
1788210591.340146,1788210591.344142,3.996,3.125
1788210591.349155,1788210591.352261,3.106,2.692
1788210591.357156,1788210591.359680,2.524,2.793
1788210591.365390,1788210591.367781,2.391,2.434
1788210591.373808,1788210591.376315,2.507,2.083
1788210591.382330,1788210591.383862,1.532,1.656
1788210591.390242,1788210591.392362,2.120,1.416
1788210591.398754,1788210591.399837,1.083,0.951
1788210591.406984,1788210591.407973,0.989,0.543
1788210591.414922,1788210591.416361,1.439,0.458
1788210591.423374,1788210591.424773,1.400,0.243
1788210591.431342,1788210591.432351,1.010,0.514
1788210591.439343,1788210591.440344,1.001,0.174
1788210591.447766,1788210591.448758,0.993,0.087
1788210591.447766,1788210591.456757,8.991,7.736
1788210591.456757,1788210591.464433,7.676,7.141
1788210591.471431,1788210591.472428,0.997,0.324
1788210591.473428,1788210591.480532,7.104,6.579
1788210591.486506,1788210591.488432,1.926,1.265
1788210591.490428,1788210591.496429,6.001,5.815
1788210591.501437,1788210591.504563,3.125,2.369
1788210591.506457,1788210591.512436,5.980,5.108
1788210591.517439,1788210591.520430,2.992,2.520
1788210591.524432,1788210591.528438,4.005,4.066
1788210591.533449,1788210591.536432,2.983,2.693
1788210591.540434,1788210591.544435,4.001,3.846
1788210591.549448,1788210591.552452,3.004,2.549
1788210591.556452,1788210591.560984,4.532,3.085
1788210591.566512,1788210591.568516,2.004,1.475
1788210591.573515,1788210591.576513,2.997,2.475
1788210591.581520,1788210591.584918,3.398,2.350
1788210591.589921,1788210591.592922,3.001,1.941
1788210591.598605,1788210591.600620,2.015,1.386
1788210591.607618,1788210591.608628,1.010,0.752
1788210591.614902,1788210591.616910,2.007,1.394
1788210591.622904,1788210591.624905,2.001,1.153
1788210591.631902,1788210591.633115,1.213,0.221
1788210591.640133,1788210591.641136,1.004,0.541
1788210591.648138,1788210591.649140,1.002,0.231
1788210591.656135,1788210591.657143,1.008,0.246
1788210591.659132,1788210591.664658,5.526,5.033
1788210591.664658,1788210591.672668,8.010,7.434
1788210591.674679,1788210591.680665,5.986,5.853
1788210591.681659,1788210591.688663,7.004,7.256
1788210591.690663,1788210591.696669,6.006,5.245
1788210591.698669,1788210591.704671,6.002,5.752
1788210591.706758,1788210591.712770,6.012,5.583
1788210591.715774,1788210591.720768,4.994,4.793
1788210591.723202,1788210591.729202,6.001,4.951
1788210591.731198,1788210591.737193,5.995,4.773
1788210591.740193,1788210591.745203,5.010,4.457
1788210591.751216,1788210591.752630,1.414,0.874
1788210591.757643,1788210591.761189,3.546,3.065
1788210591.766723,1788210591.768734,2.011,1.550
1788210591.773726,1788210591.777724,3.998,2.855
1788210591.782723,1788210591.784730,2.007,2.080
1788210591.790723,1788210591.792734,2.010,2.239
1788210591.798725,1788210591.800730,2.004,1.663
1788210591.806724,1788210591.809727,3.003,1.732
1788210591.815723,1788210591.816726,1.003,1.275
1788210591.823721,1788210591.825235,1.513,0.900
1788210591.831251,1788210591.833249,1.997,1.009
1788210591.840255,1788210591.841552,1.297,0.020
1788210591.848830,1788210591.848830,0.000,0.097
1788210591.856369,1788210591.857370,1.002,0.150
1788210591.860360,1788210591.865098,4.737,4.149
1788210591.873097,1788210591.873097,0.000,0.043
1788210591.876105,1788210591.881393,5.289,4.388
1788210591.881393,1788210591.889503,8.109,7.466
1788210591.890397,1788210591.897637,7.240,6.203
1788210591.898633,1788210591.905142,6.509,6.266
1788210591.907159,1788210591.913167,6.009,5.945
1788210591.920159,1788210591.921165,1.006,0.536
1788210591.923734,1788210591.929739,6.005,5.634
1788210591.931735,1788210591.936736,5.001,4.741
1788210591.937910,1788210591.945928,8.018,7.461
1788210591.950930,1788210591.952933,2.003,1.738
1788210591.956930,1788210591.961454,4.524,4.139
1788210591.966983,1788210591.968983,1.999,1.965
1788210591.973990,1788210591.977988,3.998,3.124
1788210591.981982,1788210591.984983,3.001,2.776
1788210591.990990,1788210591.992993,2.003,2.521
1788210591.997985,1788210592.001993,4.008,2.582
1788210592.006996,1788210592.009301,2.306,2.055
1788210592.015175,1788210592.017855,2.680,2.189
1788210592.023366,1788210592.025594,2.229,1.450
1788210592.032350,1788210592.033352,1.002,0.750
1788210592.040357,1788210592.041395,1.038,0.637
1788210592.048438,1788210592.049436,0.998,0.530
1788210592.056477,1788210592.057527,1.050,0.713
1788210592.064975,1788210592.065977,1.002,0.145
1788210592.064975,1788210592.073976,9.002,7.446
1788210592.073976,1788210592.081970,7.994,6.943
1788210592.089061,1788210592.089061,0.000,0.034
1788210592.090317,1788210592.097333,7.015,7.044
1788210592.104400,1788210592.105337,0.938,0.704
1788210592.106372,1788210592.113899,7.527,6.511
1788210592.119899,1788210592.121999,2.100,1.173
1788210592.123895,1788210592.129987,6.092,5.337
1788210592.135893,1788210592.137989,2.095,1.963
1788210592.140917,1788210592.146010,5.093,4.799
1788210592.150954,1788210592.154053,3.100,2.955
1788210592.156948,1788210592.162478,5.530,4.391
1788210592.165992,1788210592.170009,4.017,3.695
1788210592.174009,1788210592.178012,4.004,3.498
1788210592.182008,1788210592.185788,3.780,3.256
1788210592.190784,1788210592.194785,4.001,2.474
1788210592.198782,1788210592.201789,3.007,2.782
1788210592.206784,1788210592.209791,3.006,2.501
1788210592.215270,1788210592.218783,3.512,1.929
1788210592.223783,1788210592.225790,2.006,2.075
1788210592.232401,1788210592.234415,2.014,1.500
1788210592.240399,1788210592.242415,2.017,1.385
1788210592.249424,1788210592.250425,1.000,0.519
1788210592.257426,1788210592.258428,1.002,0.100
1788210592.265961,1788210592.265961,0.000,0.081
1788210592.273605,1788210592.274149,0.544,0.433
1788210592.280857,1788210592.282545,1.687,0.286
1788210592.289560,1788210592.289560,0.000,0.217
1788210592.289560,1788210592.297944,8.384,7.660
1788210592.305940,1788210592.305940,0.000,0.292
1788210592.306938,1788210592.313956,7.017,7.017
1788210592.321949,1788210592.321949,0.000,0.296
1788210592.323955,1788210592.329957,6.002,6.287
1788210592.337648,1788210592.338670,1.023,0.626
1788210592.339684,1788210592.346820,7.136,6.109
1788210592.348822,1788210592.353828,5.006,5.118
1788210592.356820,1788210592.362348,5.528,4.611
1788210592.368109,1788210592.369987,1.879,1.972
1788210592.374002,1788210592.378998,4.996,4.193
1788210592.384070,1788210592.386005,1.935,1.672
1788210592.389960,1788210592.394484,4.524,3.700
1788210592.399544,1788210592.402497,2.953,2.127
1788210592.407554,1788210592.410510,2.955,2.835
1788210592.415967,1788210592.417944,1.977,2.052
1788210592.423937,1788210592.425933,1.996,2.452
1788210592.431494,1788210592.434054,2.560,1.604
1788210592.439111,1788210592.442690,3.579,2.343
1788210592.448769,1788210592.451140,2.371,1.793
1788210592.456154,1788210592.458961,2.808,1.820
1788210592.465656,1788210592.466642,0.986,0.708
1788210592.473637,1788210592.474637,0.999,0.158
1788210592.481636,1788210592.483109,1.473,0.091
1788210592.489258,1788210592.490248,0.990,0.603
1788210592.498126,1788210592.499215,1.089,0.046
1788210592.506182,1788210592.507129,0.947,0.166
1788210592.509131,1788210592.515126,5.995,4.597
1788210592.515126,1788210592.523126,8.000,6.692
1788210592.525139,1788210592.531023,5.884,5.023
1788210592.531023,1788210592.539025,8.003,6.838
1788210592.542030,1788210592.547155,5.125,4.709
1788210592.548101,1788210592.555140,7.039,6.204
1788210592.557105,1788210592.562545,5.440,5.331
1788210592.565522,1788210592.571117,5.595,4.797
1788210592.573118,1788210592.579114,5.996,4.691
1788210592.582114,1788210592.587115,5.001,4.272
1788210592.590122,1788210592.595122,5.000,4.301
1788210592.602534,1788210592.602534,0.000,0.025
1788210592.606535,1788210592.610533,3.998,3.977
1788210592.618468,1788210592.618983,0.515,0.409
1788210592.622994,1788210592.627517,4.523,3.158
1788210592.633537,1788210592.634892,1.355,0.840
1788210592.639905,1788210592.642908,3.003,2.494
1788210592.648922,1788210592.650918,1.996,1.533
1788210592.656917,1788210592.658918,2.001,1.945
1788210592.665159,1788210592.667574,2.415,1.404
1788210592.673568,1788210592.675570,2.002,0.530
1788210592.681569,1788210592.683574,2.005,0.784
1788210592.690566,1788210592.691662,1.096,0.157
1788210592.698668,1788210592.699629,0.962,0.442
1788210592.706567,1788210592.707570,1.003,0.054
1788210592.714570,1788210592.715567,0.997,0.023
1788210592.715567,1788210592.723568,8.001,7.668
1788210592.727689,1788210592.731569,3.880,3.183
1788210592.731569,1788210592.739856,8.287,6.965
1788210592.742855,1788210592.747001,4.146,3.800
1788210592.748977,1788210592.754978,6.001,6.380
1788210592.759014,1788210592.763521,4.507,3.831
1788210592.765532,1788210592.771166,5.634,5.403
1788210592.774162,1788210592.779812,5.650,4.706
1788210592.781806,1788210592.787912,6.106,5.603
1788210592.789806,1788210592.795807,6.001,5.344
1788210592.798808,1788210592.804053,5.245,4.065
1788210592.806168,1788210592.812061,5.893,4.740
1788210592.815073,1788210592.820003,4.930,3.820
1788210592.824003,1788210592.828007,4.003,3.638
1788210592.834611,1788210592.835662,1.051,0.339
1788210592.839677,1788210592.844041,4.364,3.393
1788210592.850162,1788210592.851670,1.508,1.007
1788210592.856225,1788210592.860321,4.096,3.054
1788210592.865854,1788210592.868048,2.195,1.651
1788210592.873038,1788210592.875598,2.560,2.266
1788210592.881589,1788210592.883880,2.290,1.837
1788210592.889820,1788210592.891830,2.009,1.688
1788210592.897958,1788210592.899952,1.994,1.102
1788210592.906949,1788210592.907954,1.005,0.788
1788210592.914644,1788210592.915751,1.107,0.492
1788210592.923666,1788210592.923666,0.000,0.226
1788210592.930764,1788210592.931773,1.009,0.168
1788210592.931773,1788210592.939764,7.991,7.334
1788210592.942764,1788210592.948788,6.024,4.528
1788210592.948788,1788210592.956076,7.288,6.704
1788210592.957914,1788210592.964338,6.424,5.631
1788210592.964886,1788210592.972362,7.476,6.650
1788210592.974255,1788210592.979989,5.734,5.663
1788210592.981566,1788210592.988567,7.001,5.923
1788210592.990579,1788210592.996563,5.984,5.369
1788210592.998567,1788210593.004568,6.001,4.702
1788210593.006763,1788210593.012053,5.291,4.214
1788210593.016051,1788210593.020055,4.003,3.394
1788210593.024124,1788210593.028629,4.505,3.784
1788210593.032653,1788210593.036652,3.999,3.168
1788210593.040365,1788210593.044415,4.050,3.370
1788210593.051491,1788210593.052384,0.893,0.087
1788210593.057383,1788210593.060436,3.054,2.634
1788210593.067182,1788210593.068270,1.087,0.136
1788210593.074174,1788210593.076175,2.001,1.732
1788210593.082756,1788210593.084831,2.075,0.706
1788210593.090830,1788210593.092833,2.002,1.348
1788210593.098831,1788210593.100833,2.001,1.367
1788210593.106873,1788210593.108845,1.971,0.941
1788210593.115888,1788210593.116928,1.040,0.196
1788210593.123380,1788210593.124378,0.998,0.139
1788210593.128437,1788210593.132966,4.529,3.151
1788210593.132966,1788210593.140960,7.994,7.165
1788210593.144079,1788210593.148829,4.750,3.519
1788210593.149835,1788210593.156833,6.998,6.555
1788210593.159886,1788210593.164440,4.554,4.036
1788210593.165443,1788210593.172697,7.253,6.277
1788210593.174594,1788210593.180584,5.990,4.921
1788210593.182581,1788210593.188578,5.997,5.390
1788210593.190585,1788210593.196626,6.042,5.365
1788210593.198578,1788210593.204581,6.002,5.188
1788210593.207662,1788210593.212696,5.034,5.014
1788210593.219693,1788210593.220871,1.179,0.384
1788210593.223892,1788210593.228885,4.992,4.113
1788210593.234943,1788210593.236962,2.019,1.027
1788210593.240495,1788210593.245440,4.945,3.297
1788210593.251545,1788210593.252544,0.999,1.166
1788210593.257561,1788210593.260664,3.103,3.179
1788210593.266277,1788210593.268862,2.585,2.058
1788210593.273380,1788210593.276939,3.559,2.499
1788210593.282509,1788210593.285055,2.546,2.370
1788210593.290053,1788210593.293111,3.058,2.205
1788210593.298416,1788210593.301423,3.006,1.768
1788210593.307416,1788210593.308720,1.304,1.402
1788210593.315740,1788210593.317744,2.005,1.132
1788210593.323754,1788210593.324804,1.050,1.122
1788210593.331803,1788210593.332833,1.030,0.306
1788210593.340225,1788210593.341305,1.080,0.578
1788210593.342306,1788210593.349657,7.351,5.590
1788210593.348660,1788210593.357661,9.001,7.441
1788210593.357661,1788210593.365247,7.586,6.584
1788210593.366184,1788210593.373852,7.668,6.919
1788210593.373852,1788210593.381851,7.999,6.598
1788210593.382850,1788210593.389647,6.796,6.055
1788210593.390664,1788210593.397285,6.621,5.936
1788210593.405195,1788210593.405195,0.000,0.045
1788210593.407199,1788210593.413670,6.471,5.228
1788210593.420565,1788210593.421574,1.009,0.905
1788210593.423568,1788210593.429684,6.116,5.518
1788210593.434682,1788210593.437575,2.893,2.059
1788210593.439616,1788210593.445576,5.960,5.175
1788210593.449982,1788210593.453189,3.207,2.876
1788210593.457188,1788210593.461196,4.008,3.592
1788210593.465731,1788210593.469738,4.007,3.835
1788210593.473728,1788210593.477847,4.118,3.561
1788210593.480739,1788210593.485833,5.095,3.495
1788210593.489784,1788210593.493888,4.103,2.847
1788210593.499144,1788210593.501191,2.047,2.033
1788210593.507144,1788210593.509358,2.213,1.755
1788210593.515368,1788210593.517368,2.000,1.410
1788210593.524360,1788210593.525882,1.521,1.457
1788210593.531898,1788210593.534016,2.118,1.301
1788210593.540001,1788210593.541906,1.905,1.322
1788210593.549051,1788210593.550051,0.999,0.223
1788210593.557062,1788210593.558121,1.059,0.139
1788210593.565582,1788210593.565582,0.000,0.165
1788210593.573179,1788210593.573179,0.000,0.071
1788210593.573179,1788210593.582402,9.222,8.091
1788210593.588389,1788210593.590395,2.005,1.262
1788210593.590395,1788210593.598402,8.007,7.236
1788210593.603406,1788210593.606403,2.996,2.178
1788210593.607416,1788210593.613951,6.535,6.516
1788210593.619526,1788210593.622519,2.993,2.061
1788210593.623531,1788210593.630524,6.992,6.047
1788210593.635526,1788210593.638576,3.050,1.809
1788210593.639571,1788210593.646574,7.003,5.663
1788210593.650909,1788210593.654602,3.693,2.874
1788210593.656594,1788210593.662126,5.532,4.685
1788210593.667598,1788210593.670614,3.016,2.599
1788210593.673614,1788210593.678614,5.000,3.878
1788210593.682617,1788210593.686479,3.862,2.572
1788210593.690479,1788210593.694476,3.997,3.020
1788210593.699507,1788210593.702528,3.021,2.518
1788210593.706525,1788210593.710529,4.004,3.150
1788210593.715525,1788210593.718821,3.296,1.731
1788210593.722814,1788210593.726818,4.004,2.916
1788210593.731821,1788210593.734822,3.001,2.127
1788210593.739823,1788210593.742821,2.999,1.810
1788210593.748840,1788210593.750840,2.000,1.347
1788210593.756840,1788210593.758841,2.001,1.120
1788210593.765390,1788210593.766385,0.995,0.692
1788210593.774032,1788210593.774691,0.659,0.287
1788210593.781944,1788210593.782951,1.007,0.044
1788210593.789351,1788210593.790393,1.042,0.698
1788210593.797732,1788210593.798732,1.000,0.078
1788210593.797732,1788210593.806731,8.999,8.106
1788210593.808735,1788210593.814731,5.996,6.148
1788210593.814731,1788210593.822734,8.003,7.125
1788210593.823731,1788210593.830313,6.582,6.503
1788210593.831309,1788210593.839311,8.002,6.679
1788210593.840311,1788210593.846313,6.002,6.394
1788210593.848312,1788210593.855325,7.013,6.674
1788210593.856322,1788210593.863400,7.079,5.900
1788210593.869757,1788210593.870767,1.010,0.863
1788210593.873757,1788210593.878769,5.013,5.119
1788210593.885760,1788210593.886759,1.000,1.036
1788210593.889808,1788210593.894760,4.952,4.352
1788210593.901030,1788210593.903092,2.063,1.923
1788210593.907032,1788210593.911034,4.002,3.607
1788210593.915693,1788210593.918697,3.004,2.519
1788210593.923960,1788210593.927486,3.526,2.488
1788210593.932485,1788210593.934489,2.004,2.002
1788210593.940483,1788210593.943492,3.008,2.561
1788210593.947722,1788210593.950734,3.012,2.434
1788210593.956736,1788210593.958738,2.002,1.825
1788210593.965330,1788210593.967387,2.058,1.852
1788210593.972332,1788210593.975507,3.175,1.427
1788210593.981521,1788210593.983524,2.003,0.978
1788210593.990523,1788210593.991633,1.109,0.577
1788210593.999048,1788210593.999048,0.000,0.023
1788210594.007050,1788210594.008058,1.008,0.044
1788210594.008058,1788210594.015062,7.004,6.688
1788210594.015062,1788210594.023127,8.065,7.465
1788210594.023127,1788210594.031669,8.543,7.229
1788210594.031669,1788210594.039668,7.998,6.684
1788210594.040668,1788210594.047671,7.003,6.555
1788210594.054686,1788210594.055680,0.994,0.090
1788210594.057684,1788210594.062675,4.991,5.485
1788210594.070206,1788210594.071449,1.244,0.180
1788210594.073521,1788210594.079521,6.001,5.307
1788210594.086522,1788210594.087896,1.374,0.419
1788210594.090915,1788210594.095914,4.999,4.461
1788210594.100968,1788210594.103919,2.950,1.717
1788210594.106910,1788210594.111914,5.004,4.256
1788210594.116126,1788210594.119146,3.020,2.553
1788210594.123735,1788210594.127740,4.005,3.742
1788210594.132736,1788210594.135263,2.527,2.808
1788210594.140255,1788210594.143259,3.004,3.251
1788210594.148255,1788210594.151383,3.128,2.752
1788210594.156375,1788210594.159428,3.053,2.813
1788210594.165591,1788210594.167599,2.008,2.133
1788210594.173602,1788210594.175641,2.039,1.759
1788210594.181386,1788210594.183396,2.010,1.478
1788210594.189387,1788210594.191395,2.008,1.678
1788210594.199390,1788210594.200390,1.000,0.377
1788210594.206446,1788210594.207474,1.028,0.257
1788210594.214399,1788210594.215401,1.002,0.437
1788210594.222399,1788210594.223400,1.002,0.563
1788210594.225410,1788210594.231754,6.343,5.756
1788210594.231754,1788210594.239749,7.995,7.248
1788210594.240841,1788210594.247871,7.030,6.346
1788210594.248852,1788210594.255871,7.019,6.721
1788210594.256862,1788210594.264487,7.625,6.080
1788210594.265518,1788210594.272501,6.983,6.059
1788210594.273499,1788210594.280030,6.531,6.096
1788210594.282025,1788210594.288573,6.548,5.671
1788210594.290575,1788210594.296573,5.998,4.568
1788210594.298572,1788210594.304578,6.006,5.032
1788210594.306631,1788210594.312580,5.949,4.436
1788210594.315574,1788210594.320573,4.999,4.215
1788210594.324574,1788210594.327640,3.066,2.900
1788210594.334695,1788210594.336076,1.382,0.477
1788210594.341092,1788210594.343809,2.717,2.861
1788210594.350446,1788210594.352553,2.107,1.028
1788210594.357442,1788210594.360557,3.115,2.414
1788210594.364957,1788210594.368032,3.075,2.154
1788210594.373973,1788210594.376026,2.053,1.951
1788210594.381708,1788210594.383771,2.064,1.573
1788210594.390409,1788210594.392535,2.126,1.609
1788210594.398242,1788210594.400343,2.101,1.141
1788210594.407240,1788210594.408309,1.068,0.858
1788210594.415414,1788210594.416558,1.144,0.173
1788210594.423687,1788210594.424661,0.974,0.279
1788210594.431627,1788210594.432582,0.955,0.280
1788210594.439643,1788210594.440633,0.990,0.180
1788210594.441587,1788210594.448584,6.996,6.015
1788210594.448584,1788210594.456662,8.079,7.052
1788210594.457660,1788210594.463711,6.051,6.419
1788210594.465276,1788210594.472407,7.131,6.855
1788210594.473289,1788210594.480356,7.067,6.349
1788210594.481355,1788210594.488297,6.943,6.290
1788210594.490295,1788210594.496354,6.059,5.446
1788210594.504294,1788210594.505349,1.055,0.163
1788210594.507300,1788210594.512726,5.425,4.638
1788210594.518712,1788210594.520454,1.742,1.221
1788210594.524471,1788210594.528470,3.999,4.054
1788210594.534472,1788210594.536476,2.005,2.321
1788210594.540477,1788210594.544618,4.141,4.098
1788210594.549653,1788210594.552722,3.069,2.521
1788210594.556893,1788210594.561356,4.462,3.007
1788210594.565822,1788210594.569414,3.592,2.945
1788210594.573358,1788210594.577361,4.003,2.469
1788210594.582423,1788210594.585492,3.069,2.348
1788210594.590356,1788210594.593463,3.107,1.916
1788210594.599371,1788210594.601424,2.053,1.453
1788210594.607371,1788210594.609472,2.101,1.504
1788210594.614850,1788210594.616832,1.982,1.284
1788210594.622777,1788210594.624830,2.053,1.522
1788210594.631776,1788210594.632784,1.008,0.949
1788210594.639779,1788210594.640818,1.039,0.901
1788210594.647785,1788210594.648780,0.995,0.548
1788210594.656794,1788210594.656794,0.000,0.215
1788210594.658793,1788210594.665329,6.536,5.875
1788210594.665329,1788210594.673348,8.019,7.114
1788210594.674344,1788210594.681345,7.001,6.374
1788210594.681345,1788210594.689736,8.391,6.927
1788210594.689736,1788210594.697160,7.423,6.380
1788210594.698160,1788210594.705158,6.998,6.251
1788210594.706438,1788210594.713469,7.031,5.908
1788210594.720457,1788210594.721458,1.001,0.281
1788210594.723459,1788210594.729459,6.000,5.605
1788210594.736990,1788210594.737989,0.999,0.407
1788210594.739980,1788210594.745245,5.265,4.322
1788210594.752374,1788210594.753378,1.004,1.077
1788210594.757372,1788210594.761379,4.007,3.757
1788210594.767905,1788210594.768962,1.057,1.025
1788210594.774016,1788210594.777908,3.892,3.069
1788210594.783506,1788210594.785874,2.367,1.823
1788210594.789764,1788210594.793767,4.003,2.776
1788210594.798764,1788210594.801831,3.067,2.446
1788210594.806760,1788210594.809887,3.127,1.721
1788210594.815765,1788210594.817769,2.004,1.768
1788210594.823764,1788210594.825770,2.006,1.542
1788210594.831818,1788210594.833841,2.023,1.494
1788210594.839761,1788210594.841760,1.999,1.035
1788210594.848764,1788210594.849870,1.106,0.561
1788210594.856884,1788210594.857951,1.067,0.583
1788210594.865403,1788210594.866421,1.019,0.200
1788210594.873502,1788210594.873502,0.000,0.023
1788210594.875421,1788210594.881484,6.063,6.146
1788210594.881484,1788210594.890420,8.936,7.694
1788210594.890420,1788210594.898421,8.002,6.628
1788210594.898421,1788210594.906422,8.000,6.519
1788210594.906422,1788210594.914489,8.067,6.458
1788210594.915421,1788210594.921527,6.107,6.091
1788210594.923709,1788210594.929654,5.945,5.606
1788210594.931650,1788210594.938652,7.001,5.571
1788210594.939736,1788210594.946654,6.918,5.303
1788210594.948656,1788210594.953832,5.176,4.954
1788210594.956810,1788210594.961724,4.915,4.924
1788210594.965285,1788210594.970893,5.608,4.224
1788210594.973891,1788210594.977990,4.100,3.867
1788210594.985552,1788210594.986557,1.005,0.477
1788210594.990556,1788210594.994609,4.053,3.056
1788210595.000117,1788210595.002526,2.409,1.280
1788210595.007520,1788210595.010523,3.003,2.516
1788210595.015537,1788210595.017848,2.311,1.878
1788210595.023786,1788210595.025794,2.008,2.046
1788210595.031312,1788210595.034416,3.103,2.017
1788210595.040312,1788210595.042419,2.108,1.097
1788210595.047945,1788210595.049966,2.022,1.236
1788210595.056979,1788210595.057971,0.992,0.908
1788210595.064753,1788210595.066275,1.522,0.917
1788210595.073291,1788210595.074289,0.998,0.655
1788210595.081835,1788210595.082832,0.997,0.360
1788210595.088900,1788210595.090882,1.982,0.445
1788210595.093261,1788210595.098340,5.079,4.865
1788210595.098340,1788210595.106275,7.935,7.137
1788210595.107276,1788210595.114277,7.001,6.311
1788210595.115275,1788210595.122276,7.000,6.791
1788210595.124347,1788210595.130365,6.018,6.041
1788210595.131358,1788210595.138364,7.006,6.270
1788210595.140360,1788210595.146772,6.412,5.647
1788210595.153995,1788210595.154557,0.562,0.120
1788210595.157598,1788210595.162788,5.190,4.420
1788210595.169508,1788210595.170702,1.194,0.537
1788210595.173452,1788210595.178826,5.373,4.715
1788210595.185389,1788210595.186528,1.139,0.376
1788210595.190546,1788210595.194543,3.997,3.694
1788210595.199656,1788210595.202865,3.209,2.184
1788210595.206819,1788210595.210821,4.002,3.612
1788210595.216085,1788210595.218647,2.562,2.336
1788210595.223644,1788210595.226687,3.042,2.313
1788210595.231739,1788210595.234280,2.541,2.675
1788210595.239791,1788210595.242801,3.011,2.533
1788210595.248544,1788210595.250553,2.008,1.057
1788210595.256569,1788210595.258567,1.998,1.048
1788210595.264571,1788210595.267114,2.543,1.191
1788210595.273376,1788210595.274421,1.045,0.736
1788210595.281466,1788210595.282977,1.511,0.772
1788210595.290021,1788210595.291034,1.012,0.632
1788210595.293036,1788210595.299024,5.988,5.425
1788210595.299024,1788210595.307023,7.999,6.813
1788210595.309025,1788210595.315019,5.994,5.227
1788210595.315019,1788210595.323026,8.008,7.264
1788210595.324022,1788210595.331042,7.020,6.553
1788210595.332037,1788210595.339042,7.004,6.831
1788210595.340037,1788210595.347574,7.537,6.521
1788210595.348566,1788210595.354592,6.026,6.117
1788210595.356919,1788210595.362927,6.008,5.619
1788210595.370477,1788210595.371483,1.006,0.765
1788210595.373477,1788210595.379479,6.003,5.531
1788210595.384663,1788210595.387871,3.208,2.149
1788210595.384663,1788210595.395526,10.863,10.175
1788210595.401522,1788210595.403523,2.001,1.569
1788210595.406517,1788210595.410715,4.198,4.402
1788210595.416224,1788210595.419246,3.021,2.612
1788210595.423241,1788210595.427430,4.189,3.579
1788210595.431422,1788210595.435663,4.241,2.776
1788210595.439657,1788210595.443659,4.002,2.663
1788210595.447945,1788210595.450947,3.002,3.099
1788210595.456957,1788210595.459508,2.552,2.241
1788210595.465496,1788210595.467017,1.521,1.882
1788210595.474035,1788210595.475047,1.012,1.248
1788210595.481273,1788210595.483457,2.184,1.538
1788210595.489877,1788210595.491140,1.263,1.023
1788210595.498156,1788210595.499165,1.009,0.878
1788210595.507165,1788210595.507165,0.000,0.253
1788210595.515155,1788210595.515155,0.000,0.062
1788210595.523158,1788210595.523158,0.000,0.415
1788210595.525164,1788210595.531680,6.516,5.726
1788210595.531680,1788210595.539680,8.000,7.537
1788210595.540688,1788210595.547687,6.999,6.138
1788210595.547687,1788210595.555709,8.022,7.022
1788210595.556699,1788210595.563709,7.010,6.143
1788210595.565711,1788210595.571270,5.559,5.648
1788210595.573263,1788210595.579733,6.470,5.663
1788210595.581731,1788210595.587292,5.561,5.301
1788210595.589819,1788210595.595239,5.420,4.868
1788210595.598255,1788210595.603258,5.003,4.629
1788210595.607087,1788210595.611494,4.407,3.951
1788210595.616019,1788210595.620034,4.015,3.531
1788210595.623331,1788210595.627348,4.017,4.274
1788210595.631351,1788210595.635739,4.388,3.934
1788210595.639136,1788210595.644136,5.001,3.940
1788210595.651134,1788210595.652151,1.016,0.313
1788210595.656141,1788210595.660149,4.008,2.708
1788210595.666666,1788210595.667684,1.018,0.492
1788210595.673685,1788210595.676677,2.992,1.692
1788210595.682681,1788210595.683679,0.998,0.248
1788210595.690684,1788210595.691684,1.000,1.124
1788210595.698681,1788210595.699680,0.999,0.171
1788210595.706677,1788210595.708680,2.002,0.367
1788210595.714678,1788210595.716682,2.005,0.364
1788210595.723675,1788210595.724677,1.002,0.042
1788210595.730684,1788210595.732187,1.503,0.170
1788210595.732187,1788210595.740204,8.018,7.308
1788210595.747201,1788210595.748218,1.017,0.643
1788210595.748218,1788210595.756219,8.001,7.145
1788210595.762221,1788210595.764245,2.023,1.109
1788210595.765224,1788210595.772763,7.539,6.386
1788210595.777878,1788210595.779978,2.100,1.554
1788210595.781964,1788210595.789119,7.156,5.781
1788210595.793841,1788210595.796901,3.061,2.401
1788210595.798842,1788210595.804895,6.053,5.327
1788210595.807970,1788210595.812300,4.329,3.685
1788210595.815295,1788210595.820805,5.510,4.273
1788210595.823814,1788210595.828810,4.996,3.990
1788210595.831808,1788210595.836812,5.004,3.908
1788210595.839810,1788210595.844806,4.996,3.794
1788210595.848804,1788210595.853008,4.205,2.731
1788210595.856388,1788210595.860447,4.059,3.385
1788210595.865426,1788210595.868944,3.518,2.645
1788210595.872953,1788210595.876942,3.989,2.610
1788210595.883946,1788210595.883946,0.000,0.121
1788210595.889946,1788210595.892947,3.001,2.179
1788210595.899949,1788210595.900950,1.001,0.514
1788210595.907019,1788210595.909020,2.001,1.049
1788210595.914985,1788210595.916204,1.220,1.251
1788210595.924226,1788210595.924226,0.000,0.199
1788210595.932224,1788210595.932224,0.000,0.135
1788210595.940220,1788210595.941224,1.004,0.058
1788210595.946304,1788210595.949286,2.982,2.440
1788210595.948276,1788210595.957375,9.099,7.255
1788210595.962367,1788210595.965366,2.999,2.381
1788210595.965366,1788210595.973133,7.767,6.903
1788210595.977093,1788210595.981075,3.982,3.337
1788210595.981075,1788210595.989594,8.519,6.961
1788210595.992601,1788210595.997191,4.590,3.651
1788210595.998156,1788210596.005169,7.013,5.886
1788210596.009167,1788210596.013233,4.066,3.428
1788210596.015229,1788210596.021235,6.007,5.164
1788210596.024259,1788210596.028874,4.615,4.235
1788210596.031862,1788210596.036849,4.987,5.018
1788210596.040891,1788210596.044888,3.997,3.853
1788210596.048802,1788210596.052966,4.164,3.674
1788210596.056972,1788210596.060940,3.968,4.099
1788210596.065946,1788210596.069662,3.716,3.043
1788210596.073649,1788210596.077684,4.035,3.058
1788210596.081637,1788210596.085706,4.069,2.858
1788210596.090659,1788210596.093669,3.010,2.293
1788210596.098682,1788210596.101660,2.978,2.373
1788210596.106675,1788210596.109661,2.986,2.205
1788210596.114660,1788210596.117703,3.044,1.714
1788210596.123648,1788210596.125704,2.056,1.420
1788210596.131654,1788210596.133681,2.028,1.285
1788210596.139636,1788210596.141659,2.023,0.954
1788210596.148695,1788210596.149658,0.963,0.771
1788210596.156748,1788210596.157747,0.999,0.170
1788210596.156748,1788210596.165830,9.082,7.411
1788210596.165830,1788210596.173447,7.617,7.001
1788210596.180508,1788210596.181504,0.995,0.341
1788210596.181504,1788210596.190159,8.655,7.266
1788210596.195149,1788210596.198149,3.000,1.619
1788210596.199170,1788210596.205140,5.970,6.384
1788210596.211147,1788210596.213767,2.620,2.045
1788210596.215837,1788210596.221834,5.997,5.707
1788210596.225904,1788210596.229833,3.930,3.043
1788210596.231848,1788210596.237889,6.041,5.179
1788210596.240826,1788210596.245843,5.017,4.214
1788210596.248866,1788210596.253958,5.092,4.872
1788210596.256901,1788210596.261912,5.011,4.415
1788210596.264897,1788210596.269601,4.704,4.231
1788210596.273595,1788210596.277910,4.315,3.387
1788210596.281907,1788210596.285527,3.621,3.134
1788210596.289588,1788210596.293601,4.013,3.268
1788210596.298619,1788210596.301600,2.981,2.917
1788210596.306583,1788210596.309604,3.021,2.884
1788210596.317589,1788210596.318618,1.029,0.057
1788210596.323596,1788210596.325659,2.064,1.546
1788210596.332739,1788210596.333815,1.076,1.136
1788210596.340795,1788210596.341768,0.973,0.667
1788210596.348424,1788210596.350408,1.984,1.110
1788210596.356510,1788210596.358521,2.010,0.638
1788210596.365462,1788210596.366469,1.008,0.361
1788210596.373073,1788210596.374077,1.003,0.058
1788210596.381091,1788210596.382094,1.003,0.505
1788210596.381091,1788210596.390590,9.499,8.523
1788210596.392704,1788210596.398717,6.013,5.095
1788210596.398717,1788210596.406717,7.999,6.892
1788210596.407856,1788210596.414395,6.538,5.677
1788210596.415422,1788210596.422410,6.989,6.269
1788210596.423396,1788210596.430402,7.005,5.980
1788210596.432410,1788210596.438493,6.083,5.513
1788210596.440489,1788210596.446469,5.980,5.725
1788210596.448447,1788210596.454184,5.738,5.151
1788210596.457211,1788210596.462207,4.997,4.999
1788210596.466183,1788210596.470791,4.608,4.003
1788210596.472829,1788210596.478789,5.960,4.952
1788210596.484840,1788210596.486791,1.952,0.846
1788210596.489840,1788210596.494792,4.952,3.915
1788210596.500835,1788210596.502824,1.989,1.034
1788210596.506885,1788210596.510792,3.907,3.631
1788210596.516808,1788210596.518859,2.051,1.292
1788210596.523858,1788210596.526789,2.931,2.581
1788210596.532789,1788210596.534789,1.999,1.163
1788210596.539837,1788210596.542802,2.965,1.747
1788210596.548846,1788210596.550790,1.945,1.048
1788210596.557013,1788210596.558960,1.947,1.074
1788210596.565889,1788210596.566885,0.996,0.390
1788210596.573464,1788210596.574463,0.998,0.579
1788210596.581549,1788210596.582529,0.980,0.463
1788210596.589483,1788210596.590991,1.508,0.179
1788210596.596680,1788210596.599761,3.081,1.930
1788210596.598696,1788210596.607763,9.068,6.928
1788210596.610747,1788210596.615476,4.729,2.998
1788210596.615476,1788210596.622454,6.978,6.589
1788210596.625458,1788210596.630458,5.000,4.469
1788210596.631480,1788210596.639503,8.024,7.417
1788210596.641470,1788210596.646460,4.990,4.962
1788210596.648479,1788210596.655441,6.962,6.070
1788210596.657475,1788210596.663476,6.001,5.011
1788210596.664456,1788210596.671116,6.660,5.578
1788210596.674103,1788210596.679095,4.992,4.901
1788210596.682151,1788210596.687095,4.945,4.247
1788210596.690161,1788210596.695044,4.883,4.776
1788210596.698099,1788210596.703098,4.999,4.145
1788210596.707107,1788210596.711098,3.991,3.555
1788210596.718119,1788210596.719087,0.967,0.185
1788210596.723089,1788210596.727110,4.022,3.113
1788210596.734113,1788210596.735095,0.982,0.207
1788210596.740086,1788210596.743113,3.026,2.362
1788210596.749131,1788210596.751100,1.969,0.932
1788210596.756172,1788210596.759202,3.030,2.141
1788210596.766187,1788210596.767184,0.997,0.640
1788210596.773810,1788210596.775810,2.000,1.491
1788210596.782438,1788210596.783468,1.031,0.090
1788210596.790432,1788210596.791741,1.308,0.309
1788210596.798657,1788210596.799714,1.056,0.601
1788210596.806657,1788210596.807772,1.115,0.341
1788210596.813701,1788210596.815716,2.015,1.602
1788210596.814660,1788210596.823730,9.069,7.403
1788210596.828775,1788210596.831300,2.526,2.006
1788210596.831300,1788210596.839384,8.084,7.482
1788210596.844424,1788210596.847429,3.004,2.417
1788210596.848350,1788210596.855456,7.106,6.698
1788210596.860467,1788210596.863467,3.000,2.413
1788210596.865469,1788210596.872103,6.634,5.900
1788210596.875120,1788210596.880113,4.993,4.046
1788210596.882113,1788210596.888122,6.010,5.251
1788210596.891111,1788210596.896119,5.009,3.974
1788210596.898091,1788210596.904109,6.018,4.566
1788210596.907108,1788210596.912133,5.025,4.421
1788210596.916117,1788210596.920114,3.997,3.465
1788210596.924133,1788210596.928355,4.222,3.523
1788210596.932347,1788210596.936398,4.051,3.281
1788210596.940488,1788210596.944418,3.931,2.940
1788210596.948405,1788210596.952420,4.015,2.482
1788210596.956455,1788210596.960468,4.013,2.645
1788210596.965471,1788210596.968465,2.994,2.128
1788210596.973165,1788210596.976234,3.069,2.223
1788210596.982758,1788210596.983858,1.100,0.568
1788210596.990382,1788210596.992445,2.063,1.380
1788210596.999113,1788210597.000193,1.081,0.722
1788210597.007190,1788210597.008190,1.000,0.469
1788210597.014703,1788210597.016120,1.417,0.593
1788210597.022739,1788210597.023856,1.117,0.356
1788210597.031244,1788210597.032242,0.998,0.404
1788210597.031244,1788210597.040193,8.949,7.372
1788210597.046253,1788210597.048271,2.018,1.545
1788210597.048271,1788210597.056423,8.152,6.850
1788210597.061423,1788210597.064421,2.998,2.014
1788210597.065624,1788210597.072946,7.322,6.443
1788210597.075945,1788210597.079949,4.004,3.320
1788210597.081946,1788210597.087944,5.998,5.694
1788210597.091949,1788210597.095949,4.000,3.870
1788210597.097948,1788210597.103948,6.000,5.535
1788210597.106945,1788210597.112949,6.004,4.919
1788210597.115944,1788210597.120949,5.005,4.254
1788210597.122944,1788210597.128944,6.000,4.490
1788210597.131949,1788210597.136950,5.001,3.559
1788210597.142944,1788210597.144948,2.004,1.417
1788210597.148943,1788210597.151948,3.005,3.207
1788210597.156952,1788210597.160955,4.002,3.063
1788210597.165952,1788210597.168952,3.000,2.291
1788210597.173101,1788210597.177108,4.007,2.597
1788210597.181119,1788210597.185118,3.998,2.560
1788210597.190121,1788210597.192623,2.502,1.930
1788210597.199138,1788210597.201148,2.009,1.093
1788210597.207149,1788210597.209147,1.998,0.927
1788210597.215147,1788210597.217152,2.004,0.582
1788210597.223145,1788210597.225151,2.006,0.943
1788210597.232145,1788210597.233148,1.003,0.086
1788210597.240197,1788210597.241209,1.012,0.231
1788210597.248206,1788210597.249208,1.002,0.045
1788210597.248206,1788210597.257219,9.013,8.068
1788210597.263226,1788210597.265217,1.991,0.998
1788210597.265217,1788210597.273328,8.110,7.618
1788210597.278848,1788210597.280849,2.000,1.313
1788210597.281849,1788210597.288974,7.125,6.391
1788210597.293974,1788210597.296973,3.000,2.378
1788210597.298969,1788210597.304973,6.004,5.846
1788210597.308973,1788210597.312967,3.993,3.439
1788210597.314978,1788210597.320978,6.000,5.530
1788210597.324978,1788210597.329514,4.536,3.712
1788210597.331527,1788210597.336520,4.993,5.032
1788210597.340521,1788210597.345528,5.007,4.133
1788210597.349068,1788210597.353603,4.534,3.436
1788210597.356622,1788210597.361626,5.004,3.500
1788210597.365622,1788210597.369621,4.000,3.037
1788210597.373574,1788210597.377349,3.775,3.059
1788210597.381703,1788210597.385164,3.461,3.066
1788210597.390403,1788210597.392800,2.397,2.677
1788210597.398634,1788210597.401046,2.412,2.401
1788210597.405534,1788210597.409044,3.511,2.305
1788210597.416051,1788210597.417058,1.007,0.562
1788210597.424050,1788210597.425051,1.001,0.797
1788210597.432043,1788210597.433043,0.999,0.965
1788210597.440066,1788210597.441059,0.992,0.352
1788210597.448060,1788210597.449059,1.000,0.326
1788210597.448060,1788210597.457603,9.543,8.351
1788210597.465209,1788210597.465209,0.000,0.072
1788210597.465209,1788210597.473735,8.526,8.102
1788210597.477740,1788210597.481735,3.995,2.957
1788210597.481735,1788210597.489741,8.006,7.347
1788210597.494740,1788210597.497825,3.085,2.496
1788210597.497825,1788210597.505630,7.805,6.065
1788210597.508623,1788210597.513631,5.008,4.171
1788210597.514623,1788210597.521630,7.007,6.011
1788210597.524626,1788210597.529630,5.004,4.409
1788210597.531626,1788210597.537630,6.004,4.803
1788210597.540625,1788210597.545631,5.005,4.684
1788210597.548630,1788210597.553631,5.000,4.266
1788210597.556640,1788210597.561646,5.006,4.113
1788210597.565646,1788210597.569645,3.999,3.257
1788210597.573161,1788210597.578166,5.005,3.471
1788210597.582179,1788210597.585179,3.000,2.611
1788210597.591175,1788210597.593693,2.519,2.358
1788210597.598743,1788210597.601748,3.005,2.084
1788210597.607758,1788210597.609152,1.394,1.559
1788210597.614905,1788210597.617812,2.907,2.141
1788210597.623835,1788210597.625185,1.350,1.694
1788210597.632218,1788210597.633220,1.002,1.293
1788210597.640238,1788210597.641243,1.005,0.990
1788210597.649263,1788210597.649263,0.000,0.271
1788210597.656270,1788210597.657277,1.008,0.674
1788210597.664276,1788210597.665679,1.402,0.419
1788210597.664276,1788210597.674242,9.965,8.449
1788210597.679703,1788210597.682207,2.505,1.651
1788210597.682207,1788210597.689799,7.592,6.602
1788210597.694799,1788210597.697804,3.004,2.787
1788210597.697804,1788210597.706799,8.995,7.752
1788210597.710796,1788210597.714800,4.003,2.929
1788210597.715809,1788210597.722800,6.991,6.276
1788210597.726799,1788210597.729801,3.002,2.861
1788210597.731803,1788210597.738800,6.997,5.917
1788210597.741803,1788210597.746799,4.996,3.874
1788210597.748803,1788210597.754800,5.996,4.863
1788210597.757813,1788210597.762813,5.000,4.127
1788210597.765817,1788210597.769818,4.001,4.372
1788210597.774334,1788210597.778442,4.107,3.535
1788210597.782459,1788210597.786459,4.000,3.469
1788210597.790463,1788210597.794459,3.996,3.591
1788210597.798593,1788210597.802595,4.002,3.283
1788210597.807597,1788210597.810109,2.512,2.396
1788210597.815125,1788210597.818124,3.000,2.481
1788210597.824125,1788210597.827120,2.995,2.195
1788210597.832125,1788210597.835120,2.995,2.015
1788210597.840124,1788210597.843124,3.000,1.610
1788210597.849124,1788210597.851119,1.994,1.198
1788210597.857139,1788210597.859138,2.000,0.950
1788210597.866135,1788210597.867135,0.999,0.029
1788210597.873667,1788210597.874668,1.001,0.568
1788210597.881663,1788210597.882665,1.002,0.458
1788210597.890664,1788210597.891662,0.998,0.090
1788210597.898660,1788210597.898660,0.000,0.023
1788210597.898660,1788210597.907664,9.004,8.050
1788210597.912661,1788210597.914661,2.000,1.807
1788210597.914661,1788210597.923667,9.007,7.513
1788210597.927668,1788210597.930660,2.992,3.046
1788210597.931667,1788210597.939662,7.995,7.035
1788210597.943738,1788210597.947744,4.006,2.746
1788210597.948735,1788210597.955734,6.999,5.374
1788210597.958751,1788210597.963749,4.997,3.716
1788210597.965748,1788210597.971753,6.004,5.199
1788210597.974283,1788210597.979289,5.006,4.522
1788210597.982409,1788210597.987434,5.025,4.528
1788210597.990306,1788210597.995618,5.312,4.401
1788210597.998846,1788210598.002995,4.149,3.700
1788210598.007133,1788210598.011158,4.025,3.369
1788210598.015521,1788210598.019592,4.071,2.880
1788210598.023661,1788210598.027545,3.884,2.960
1788210598.032177,1788210598.035175,2.998,2.690
1788210598.040176,1788210598.043175,2.999,2.268
1788210598.049176,1788210598.051172,1.996,1.906
1788210598.057187,1788210598.059194,2.006,1.789
1788210598.067194,1788210598.067194,0.000,0.137
1788210598.073723,1788210598.075727,2.004,1.194
1788210598.082724,1788210598.083725,1.001,0.279
1788210598.089721,1788210598.091728,2.007,1.113
1788210598.098723,1788210598.099772,1.049,0.510
1788210598.098723,1788210598.107730,9.007,8.535
1788210598.113728,1788210598.115788,2.059,1.780
1788210598.122730,1788210598.123728,0.998,0.114
1788210598.128730,1788210598.131722,2.992,2.369
1788210598.131722,1788210598.139721,7.999,7.438
1788210598.144723,1788210598.147841,3.117,2.153
1788210598.148782,1788210598.155758,6.975,6.692
1788210598.159879,1788210598.163884,4.004,2.855
1788210598.165775,1788210598.170892,5.117,5.574
1788210598.174608,1788210598.180536,5.928,4.530
1788210598.182537,1788210598.188555,6.018,5.047
1788210598.190611,1788210598.196549,5.939,4.777
1788210598.199187,1788210598.204209,5.022,4.640
1788210598.207204,1788210598.212208,5.005,3.647
1788210598.216207,1788210598.219535,3.328,3.452
1788210598.224068,1788210598.228062,3.993,3.409
1788210598.231585,1788210598.235718,4.133,3.288
1788210598.240602,1788210598.243716,3.114,3.389
1788210598.251601,1788210598.252609,1.007,0.337
1788210598.257605,1788210598.260624,3.020,2.103
1788210598.267617,1788210598.268622,1.005,0.425
1788210598.274004,1788210598.276012,2.008,1.426
1788210598.283619,1788210598.283619,0.000,0.461
1788210598.290165,1788210598.292280,2.114,0.753
1788210598.299184,1788210598.300242,1.058,0.280
1788210598.307188,1788210598.308188,1.000,0.673
1788210598.315186,1788210598.316255,1.070,0.445
1788210598.315186,1788210598.324181,8.996,8.469
1788210598.332183,1788210598.332183,0.000,0.032
1788210598.332183,1788210598.340202,8.019,7.538
1788210598.345202,1788210598.347728,2.526,2.131
1788210598.347728,1788210598.356298,8.570,7.054
1788210598.361308,1788210598.364317,3.009,2.125
1788210598.365310,1788210598.372822,7.512,6.122
1788210598.376837,1788210598.380187,3.349,2.905
1788210598.382188,1788210598.388468,6.280,5.943
1788210598.393484,1788210598.397010,3.526,2.633
1788210598.399008,1788210598.405077,6.069,4.992
1788210598.408080,1788210598.413091,5.011,3.535
1788210598.416078,1788210598.421083,5.005,4.240
1788210598.424083,1788210598.429077,4.994,4.526
1788210598.432077,1788210598.436178,4.101,3.708
1788210598.439778,1788210598.444926,5.148,4.301
1788210598.447782,1788210598.452888,5.107,4.004
1788210598.455999,1788210598.460901,4.901,3.892
1788210598.464896,1788210598.469009,4.112,3.375
1788210598.472978,1788210598.476603,3.624,3.788
1788210598.480603,1788210598.484600,3.997,3.576
1788210598.489603,1788210598.492603,3.000,2.706
1788210598.499603,1788210598.500661,1.058,0.496
1788210598.505655,1788210598.508598,2.943,2.162
1788210598.515600,1788210598.516688,1.088,0.909
1788210598.523603,1788210598.524603,1.000,1.214
1788210598.531601,1788210598.532599,0.998,0.409
1788210598.539603,1788210598.540600,0.997,0.351
1788210598.548821,1788210598.548821,0.000,0.040
1788210598.555836,1788210598.556836,0.999,0.059
1788210598.562851,1788210598.564927,2.076,1.998
1788210598.564927,1788210598.573360,8.433,7.258
1788210598.577374,1788210598.581373,3.999,2.897
1788210598.581373,1788210598.589455,8.082,7.147
1788210598.593459,1788210598.597523,4.064,3.696
1788210598.599073,1788210598.605200,6.127,5.971
1788210598.608208,1788210598.613789,5.580,4.141
1788210598.615790,1788210598.621807,6.017,5.144
1788210598.624743,1788210598.629284,4.541,4.636
1788210598.631287,1788210598.637279,5.992,5.152
1788210598.640279,1788210598.645329,5.051,4.879
1788210598.648276,1788210598.653274,4.997,5.008
1788210598.656347,1788210598.661012,4.665,4.828
1788210598.666011,1788210598.669064,3.053,3.098
1788210598.673530,1788210598.677551,4.021,3.601
1788210598.681547,1788210598.685553,4.005,2.907
1788210598.689553,1788210598.693552,4.000,3.143
1788210598.700553,1788210598.701546,0.993,0.089
1788210598.706546,1788210598.709554,3.009,2.660
1788210598.715551,1788210598.717819,2.268,1.481
1788210598.723703,1788210598.725712,2.009,1.878
1788210598.731708,1788210598.733706,1.998,1.554
1788210598.739712,1788210598.741712,2.000,1.285
1788210598.748706,1788210598.749709,1.004,0.896
1788210598.756711,1788210598.757712,1.001,0.169
1788210598.765049,1788210598.766115,1.066,0.229
1788210598.765049,1788210598.773584,8.535,8.254
1788210598.778729,1788210598.781672,2.943,2.604
1788210598.781672,1788210598.789773,8.101,7.148
1788210598.795691,1788210598.798216,2.525,2.068
1788210598.799215,1788210598.805685,6.470,6.459
1788210598.810685,1788210598.813738,3.053,2.483
1788210598.814769,1788210598.821691,6.922,6.288
1788210598.826686,1788210598.830219,3.533,2.973
1788210598.831227,1788210598.838322,7.096,5.867
1788210598.841220,1788210598.846223,5.003,4.158
1788210598.849219,1788210598.854322,5.104,4.676
1788210598.857804,1788210598.862807,5.003,4.005
1788210598.865802,1788210598.870804,5.002,4.077
1788210598.873315,1788210598.878337,5.022,4.100
1788210598.882328,1788210598.886390,4.062,3.469
1788210598.890333,1788210598.894335,4.002,2.962
1788210598.898336,1788210598.902393,4.057,2.738
1788210598.906332,1788210598.910338,4.006,2.920
1788210598.915335,1788210598.918861,3.525,1.793
1788210598.923865,1788210598.925975,2.110,1.931
1788210598.931859,1788210598.934863,3.004,1.928
1788210598.939864,1788210598.941866,2.002,1.955
1788210598.948864,1788210598.950861,1.997,0.969
1788210598.956861,1788210598.958983,2.122,0.634
1788210598.964878,1788210598.966876,1.997,0.507
1788210598.973403,1788210598.974023,0.620,0.572
1788210598.982042,1788210598.982042,0.000,0.028
1788210598.984042,1788210598.991153,7.112,6.320
1788210598.990148,1788210598.998152,8.003,7.383
1788210598.999284,1788210599.006227,6.943,6.507
1788210599.007226,1788210599.014283,7.057,7.002
1788210599.015200,1788210599.022654,7.453,6.742
1788210599.023598,1788210599.030383,6.785,6.764
1788210599.031273,1788210599.038280,7.007,6.751
1788210599.040276,1788210599.047282,7.006,6.205
1788210599.049273,1788210599.054332,5.059,5.016
1788210599.061391,1788210599.062391,1.000,0.610
1788210599.065008,1788210599.071152,6.144,5.325
1788210599.077784,1788210599.078902,1.117,0.845
1788210599.081888,1788210599.086895,5.007,4.151
1788210599.093778,1788210599.094777,0.999,0.429
1788210599.097784,1788210599.102776,4.993,3.958
1788210599.109779,1788210599.110898,1.119,0.834
1788210599.114922,1788210599.118864,3.942,2.948
1788210599.124777,1788210599.126776,1.999,1.287
1788210599.131782,1788210599.134896,3.114,2.210
1788210599.140777,1788210599.143101,2.324,1.793
1788210599.149099,1788210599.151097,1.997,1.765
1788210599.156103,1788210599.159124,3.021,1.768
1788210599.165120,1788210599.167126,2.006,0.804
1788210599.173932,1788210599.174954,1.022,0.788
1788210599.181949,1788210599.183067,1.118,0.490
1788210599.190080,1788210599.191197,1.117,0.334
1788210599.190080,1788210599.199078,8.998,8.357
1788210599.206461,1788210599.207457,0.996,0.534
1788210599.206461,1788210599.215454,8.993,7.560
1788210599.216455,1788210599.223460,7.005,6.476
1788210599.223460,1788210599.231460,7.999,7.091
1788210599.232459,1788210599.239463,7.004,6.629
1788210599.245454,1788210599.247463,2.009,1.243
1788210599.248461,1788210599.255460,6.999,6.514
1788210599.260987,1788210599.262993,2.006,1.620
1788210599.264984,1788210599.271993,7.009,6.100
1788210599.276521,1788210599.279792,3.272,1.972
1788210599.281788,1788210599.287787,5.999,5.099
1788210599.291352,1788210599.295355,4.003,3.230
1788210599.298355,1788210599.303465,5.110,4.122
1788210599.308358,1788210599.311355,2.997,2.954
1788210599.315355,1788210599.319356,4.001,3.554
1788210599.324359,1788210599.327413,3.054,3.070
1788210599.332355,1788210599.335576,3.221,2.945
1788210599.340618,1788210599.343639,3.021,2.650
1788210599.348637,1788210599.351855,3.218,1.986
1788210599.356874,1788210599.359937,3.063,2.434
1788210599.365887,1788210599.367940,2.053,1.456
1788210599.373846,1788210599.375861,2.015,1.493
1788210599.381866,1788210599.383977,2.111,0.922
1788210599.389623,1788210599.391625,2.002,1.280
1788210599.398924,1788210599.399974,1.050,0.221
1788210599.407085,1788210599.408101,1.016,0.156
1788210599.415107,1788210599.416131,1.024,0.072
1788210599.423107,1788210599.424108,1.001,0.054
1788210599.424108,1788210599.432107,7.999,7.525
1788210599.434105,1788210599.440108,6.004,5.894
1788210599.440108,1788210599.448106,7.998,7.299
1788210599.450106,1788210599.456108,6.002,5.624
1788210599.457107,1788210599.464101,6.994,6.592
1788210599.465108,1788210599.471713,6.605,6.467
1788210599.472742,1788210599.480275,7.533,6.253
1788210599.482277,1788210599.488281,6.003,5.592
1788210599.489281,1788210599.496279,6.998,5.933
1788210599.498284,1788210599.504281,5.997,5.485
1788210599.506322,1788210599.512333,6.011,4.921
1788210599.515342,1788210599.520324,4.982,4.894
1788210599.526341,1788210599.528279,1.938,1.425
1788210599.531273,1788210599.536349,5.076,4.091
1788210599.541388,1788210599.544273,2.885,2.179
1788210599.548273,1788210599.552276,4.004,2.995
1788210599.557276,1788210599.560298,3.022,2.138
1788210599.565300,1788210599.568299,2.999,2.151
1788210599.573377,1788210599.575928,2.551,2.467
1788210599.581852,1788210599.584027,2.175,2.276
1788210599.589504,1788210599.592735,3.231,2.338
1788210599.598224,1788210599.600767,2.542,1.917
1788210599.606632,1788210599.608393,1.762,1.374
1788210599.615003,1788210599.616024,1.020,1.099
1788210599.623022,1788210599.625021,1.999,1.057
1788210599.632024,1788210599.633082,1.058,0.127
1788210599.640016,1788210599.641018,1.002,0.105
1788210599.648038,1788210599.648038,0.000,0.130
1788210599.650233,1788210599.656669,6.437,6.144
1788210599.656669,1788210599.665195,8.526,7.594
1788210599.665195,1788210599.673308,8.112,7.149
1788210599.673308,1788210599.680438,7.131,7.389
1788210599.681424,1788210599.688427,7.003,6.458
1788210599.695690,1788210599.696695,1.004,0.343
1788210599.698684,1788210599.704682,5.998,6.065
1788210599.711214,1788210599.713221,2.007,0.811
1788210599.715214,1788210599.721219,6.005,5.219
1788210599.727215,1788210599.728636,1.420,1.527
1788210599.731662,1788210599.736650,4.988,4.506
1788210599.742658,1788210599.744715,2.058,1.661
1788210599.748777,1788210599.753658,4.880,3.961
1788210599.757657,1788210599.760770,3.114,2.524
1788210599.765781,1788210599.768813,3.032,3.039
1788210599.772819,1788210599.777412,4.593,2.970
1788210599.782348,1788210599.785398,3.050,2.272
1788210599.791349,1788210599.793613,2.264,1.073
1788210599.798495,1788210599.801500,3.006,2.125
1788210599.806504,1788210599.809581,3.078,1.846
1788210599.815601,1788210599.817664,2.063,1.173
1788210599.822607,1788210599.825606,2.999,1.923
1788210599.831605,1788210599.833601,1.995,1.123
1788210599.840600,1788210599.841598,0.998,0.212
1788210599.840600,1788210599.849597,8.997,8.230
1788210599.848606,1788210599.857606,9.000,7.753
1788210599.864331,1788210599.865322,0.991,0.572
1788210599.864331,1788210599.873522,9.191,8.596
1788210599.879612,1788210599.881616,2.003,1.322
1788210599.879612,1788210599.889612,10.000,9.329
1788210599.894619,1788210599.897856,3.237,2.274
1788210599.894619,1788210599.905859,11.241,10.289
1788210599.909861,1788210599.913281,3.421,3.050
1788210599.909861,1788210599.921279,11.418,11.076
1788210599.925279,1788210599.929494,4.215,3.485
1788210599.925279,1788210599.937493,12.214,11.510
1788210599.940499,1788210599.945919,5.420,4.155
1788210599.940499,1788210599.953920,13.421,12.221
1788210599.955910,1788210599.962027,6.116,5.476
1788210599.955910,1788210599.969979,14.069,13.522
1788210599.972013,1788210599.977567,5.554,4.970
1788210599.972013,1788210599.985572,13.559,12.995
1788210599.987460,1788210599.993459,5.999,6.100
1788210599.987460,1788210600.001547,14.087,14.125
1788210600.002481,1788210600.010003,7.521,6.751
1788210600.002481,1788210600.018036,15.555,14.803
1788210600.018036,1788210600.026091,8.055,7.626
1788210600.032417,1788210600.034494,2.077,0.888
1788210600.032417,1788210600.042416,9.999,8.905
1788210600.047534,1788210600.050412,2.878,2.086
1788210600.047534,1788210600.057941,10.407,10.110
1788210600.063081,1788210600.065968,2.887,2.391
1788210600.063081,1788210600.074728,11.647,10.425
1788210600.078830,1788210600.081749,2.919,2.406
1788210600.078830,1788210600.090754,11.924,10.428
1788210600.095746,1788210600.098752,3.006,2.414
1788210600.095746,1788210600.106752,11.007,10.435
1788210600.111753,1788210600.114753,3.001,2.480
1788210600.111753,1788210600.122855,11.103,10.501
1788210600.125859,1788210600.130747,4.888,3.906
1788210600.125859,1788210600.138746,12.887,11.927
1788210600.140849,1788210600.146861,6.012,4.817
1788210600.140849,1788210600.154751,13.902,12.838
1788210600.156749,1788210600.161896,5.147,4.862
1788210600.156749,1788210600.170895,14.146,12.885
1788210600.171999,1788210600.178422,6.423,5.856
1788210600.171999,1788210600.186529,14.530,13.880
1788210600.188528,1788210600.194537,6.009,5.327
1788210600.188528,1788210600.202665,14.137,13.354
1788210600.204552,1788210600.210062,5.510,5.688
1788210600.204552,1788210600.218914,14.362,13.710
1788210600.219803,1788210600.226828,7.025,6.042
1788210600.219803,1788210600.234943,15.140,14.065
1788210600.234943,1788210600.242417,7.474,6.724
1788210600.234943,1788210600.250356,15.413,14.740
1788210600.250356,1788210600.259028,8.672,7.272
1788210600.250356,1788210600.267046,16.690,15.321
1788210600.266048,1788210600.274910,8.862,7.461
1788210600.282496,1788210600.282496,0.000,0.058
1788210600.282496,1788210600.290535,8.039,7.446
1788210600.296916,1788210600.298915,1.998,1.402
1788210600.296916,1788210600.306918,10.001,9.410
1788210600.313913,1788210600.314970,1.057,0.698
1788210600.313913,1788210600.322919,9.006,8.719
1788210600.328912,1788210600.330920,2.008,1.180
1788210600.328912,1788210600.338925,10.013,9.201
1788210600.345930,1788210600.346932,1.002,0.507
1788210600.345930,1788210600.354458,8.528,8.516
1788210600.360513,1788210600.362464,1.951,1.775
1788210600.360513,1788210600.371464,10.952,9.799
1788210600.376005,1788210600.379059,3.054,2.440
1788210600.376005,1788210600.387510,11.505,10.467
1788210600.391555,1788210600.394794,3.239,2.820
1788210600.391555,1788210600.403355,11.800,10.840
1788210600.407350,1788210600.410411,3.061,3.868
1788210600.407350,1788210600.418945,11.595,11.890
1788210600.422053,1788210600.427364,5.311,4.461
1788210600.422053,1788210600.435339,13.287,12.481
1788210600.438355,1788210600.443355,5.000,4.230
1788210600.438355,1788210600.451355,13.000,12.251
1788210600.453884,1788210600.459532,5.649,5.014
1788210600.453884,1788210600.467552,13.668,13.035
1788210600.469546,1788210600.475065,5.519,5.864
1788210600.469546,1788210600.483087,13.541,13.885
1788210600.485085,1788210600.491088,6.002,6.240
1788210600.485085,1788210600.500181,15.096,14.261
1788210600.499148,1788210600.507628,8.481,7.391
1788210600.499148,1788210600.515625,16.477,15.411
1788210600.515625,1788210600.523720,8.095,6.873
1788210600.530690,1788210600.531624,0.934,0.188
1788210600.530690,1788210600.539624,8.934,8.214
1788210600.546623,1788210600.547626,1.003,0.050
1788210600.546623,1788210600.555625,9.002,8.071
1788210600.562693,1788210600.563693,1.001,0.206
1788210600.562693,1788210600.571740,9.047,8.230
1788210600.578224,1788210600.580220,1.996,0.802
1788210600.578224,1788210600.588224,10.000,8.830
1788210600.593226,1788210600.595221,1.995,1.784
1788210600.593226,1788210600.604247,11.020,9.813
1788210600.609282,1788210600.611802,2.520,2.063
1788210600.609282,1788210600.620449,11.167,10.092
1788210600.624976,1788210600.627578,2.602,2.874
1788210600.624976,1788210600.635574,10.598,10.891
1788210600.640581,1788210600.643578,2.997,2.821
1788210600.640581,1788210600.651691,11.110,10.836
1788210600.656582,1788210600.659926,3.344,2.587
1788210600.656582,1788210600.667946,11.364,10.597
1788210600.671939,1788210600.675460,3.521,3.494
1788210600.671939,1788210600.684479,12.540,11.526
1788210600.688142,1788210600.692145,4.003,3.608
1788210600.688142,1788210600.700145,12.002,11.631
1788210600.703260,1788210600.707625,4.365,3.695
1788210600.703260,1788210600.716109,12.849,11.719
1788210600.719587,1788210600.724599,5.012,4.166
1788210600.719587,1788210600.732751,13.164,12.195
1788210600.734618,1788210600.739604,4.986,5.446
1788210600.734618,1788210600.747692,13.074,13.459
1788210600.749601,1788210600.755599,5.997,5.985
1788210600.749601,1788210600.763625,14.024,14.003
1788210600.765622,1788210600.771621,6.000,6.317
1788210600.765622,1788210600.780269,14.647,14.342
1788210600.780269,1788210600.788158,7.889,7.064
1788210600.780269,1788210600.796157,15.887,15.090
1788210600.796157,1788210600.803966,7.810,7.236
1788210600.810907,1788210600.811973,1.066,0.371
1788210600.810907,1788210600.820004,9.097,8.388
1788210600.827904,1788210600.828992,1.088,0.099
1788210600.827904,1788210600.836484,8.581,8.138
1788210600.842544,1788210600.844564,2.020,1.057
1788210600.842544,1788210600.852486,9.942,9.075
1788210600.858547,1788210600.860535,1.988,1.342
1788210600.858547,1788210600.868727,10.179,9.359
1788210600.873804,1788210600.877261,3.457,2.148
1788210600.873804,1788210600.884267,10.462,10.174
1788210600.889327,1788210600.892314,2.987,2.876
1788210600.889327,1788210600.900940,11.613,10.887
1788210600.903960,1788210600.908898,4.938,4.177
1788210600.903960,1788210600.916888,12.928,12.202
1788210600.918884,1788210600.925039,6.156,4.879
1788210600.918884,1788210600.932884,14.000,12.969
1788210600.934886,1788210600.940883,5.997,4.929
1788210600.934886,1788210600.948940,14.054,12.977
1788210600.951884,1788210600.956921,5.037,4.722
1788210600.951884,1788210600.964952,13.068,12.752
1788210600.966906,1788210600.972907,6.001,5.201
1788210600.966906,1788210600.981442,14.536,13.230
1788210600.982447,1788210600.989450,7.003,5.558
1788210600.982447,1788210600.996439,13.992,13.573
1788210600.997546,1788210601.005548,8.002,7.068
1788210600.997546,1788210601.013790,16.244,15.105
1788210601.012560,1788210601.021291,8.731,7.284
1788210601.028283,1788210601.029282,0.998,0.075
1788210601.028283,1788210601.036936,8.653,8.093
1788210601.043930,1788210601.045428,1.498,0.231
1788210601.043930,1788210601.053449,9.519,8.263
1788210601.060447,1788210601.061450,1.003,0.476
1788210601.060447,1788210601.069448,9.001,8.492
1788210601.075965,1788210601.077074,1.109,0.462
1788210601.075965,1788210601.085202,9.238,8.475
1788210601.091576,1788210601.093195,1.619,1.427
1788210601.091576,1788210601.101713,10.138,9.789
1788210601.106771,1788210601.110111,3.340,2.184
1788210601.106771,1788210601.117355,10.584,10.206
1788210601.121464,1788210601.125790,4.326,3.836
1788210601.121464,1788210601.133976,12.513,11.878
1788210601.137162,1788210601.142267,5.105,3.822
1788210601.137162,1788210601.150145,12.983,11.842
1788210601.152679,1788210601.157676,4.997,4.795
1788210601.152679,1788210601.166392,13.713,12.832
1788210601.167396,1788210601.173481,6.086,5.804
1788210601.181032,1788210601.182027,0.995,0.406
1788210601.181032,1788210601.190028,8.996,8.429
1788210601.197032,1788210601.198028,0.996,0.361
1788210601.197032,1788210601.205405,8.373,8.379
1788210601.212402,1788210601.214403,2.001,0.855
1788210601.212402,1788210601.222529,10.127,8.884
1788210601.227524,1788210601.230521,2.997,1.594
1788210601.227524,1788210601.238521,10.997,9.620
1788210601.243525,1788210601.246534,3.009,2.006
1788210601.243525,1788210601.254519,10.994,10.039
1788210601.260524,1788210601.262549,2.025,0.967
1788210601.260524,1788210601.270542,10.018,8.998
1788210601.275548,1788210601.277647,2.099,1.816
1788210601.275548,1788210601.286208,10.660,9.847
1788210601.290733,1788210601.294091,3.358,2.907
1788210601.290733,1788210601.302102,11.369,10.903
1788210601.306616,1788210601.310628,4.012,3.198
1788210601.306616,1788210601.318632,12.016,11.233
1788210601.321639,1788210601.326261,4.622,3.650
1788210601.321639,1788210601.334261,12.622,11.675
1788210601.337260,1788210601.342435,5.175,4.225
1788210601.337260,1788210601.350439,13.179,12.235
1788210601.353428,1788210601.358955,5.526,4.864
1788210601.353428,1788210601.366971,13.542,12.903
1788210601.367979,1788210601.375028,7.049,5.589
1788210601.367979,1788210601.382569,14.590,13.604
1788210601.383574,1788210601.391095,7.521,6.238
1788210601.390095,1788210601.399058,8.963,7.302
1788210601.399058,1788210601.407069,8.011,6.861
1788210601.407069,1788210601.414071,7.002,6.930
1788210601.415579,1788210601.422588,7.009,6.434
1788210601.423583,1788210601.430606,7.023,6.813
1788210601.431842,1788210601.438859,7.017,5.817
1788210601.445858,1788210601.446857,1.000,0.041
1788210601.448859,1788210601.454868,6.009,4.979
1788210601.456855,1788210601.462884,6.029,5.173
1788210601.465886,1788210601.470885,4.999,4.454
1788210601.477405,1788210601.479481,2.077,0.710
1788210601.482426,1788210601.487430,5.004,3.754
1788210601.492543,1788210601.495430,2.887,1.518
1788210601.499427,1788210601.503430,4.002,3.333
1788210601.507425,1788210601.511429,4.004,3.017
1788210601.515340,1788210601.519293,3.953,3.092
1788210601.523818,1788210601.526936,3.118,2.554
1788210601.531832,1788210601.534842,3.010,2.088
1788210601.540837,1788210601.542839,2.002,1.990
1788210601.548838,1788210601.550841,2.003,1.640
1788210601.556835,1788210601.558841,2.005,1.382
1788210601.565853,1788210601.566859,1.006,1.174
1788210601.573852,1788210601.574862,1.010,1.012
1788210601.582484,1788210601.583384,0.900,0.045
1788210601.584378,1788210601.591379,7.001,6.406
1788210601.598384,1788210601.599384,1.000,0.481
1788210601.600384,1788210601.607388,7.003,6.663
1788210601.607388,1788210601.615443,8.055,7.489
1788210601.615443,1788210601.623180,7.737,7.371
1788210601.623180,1788210601.631171,7.991,7.222
1788210601.631171,1788210601.639695,8.523,6.928
1788210601.646707,1788210601.647694,0.987,0.333
1788210601.648692,1788210601.655692,7.001,6.281
1788210601.662716,1788210601.663711,0.995,0.080
1788210601.664714,1788210601.671816,7.102,6.023
1788210601.679016,1788210601.679016,0.000,0.532
1788210601.681017,1788210601.687089,6.072,5.555
1788210601.694258,1788210601.695273,1.015,1.037
1788210601.699257,1788210601.703309,4.052,4.025
1788210601.710257,1788210601.711260,1.004,0.961
1788210601.715262,1788210601.719261,3.999,3.322
1788210601.726193,1788210601.728269,2.076,1.443
1788210601.732242,1788210601.735986,3.744,2.908
1788210601.741032,1788210601.744122,3.090,1.821
1788210601.748982,1788210601.752104,3.122,2.400
1788210601.757982,1788210601.759508,1.526,1.609
1788210601.765515,1788210601.767517,2.003,2.114
1788210601.773518,1788210601.775582,2.064,1.384
1788210601.781192,1788210601.784175,2.983,1.752
1788210601.790081,1788210601.792078,1.998,0.893
1788210601.790081,1788210601.800354,10.273,8.923
1788210601.807088,1788210601.807783,0.695,0.499
1788210601.815331,1788210601.815862,0.532,0.266
1788210601.823054,1788210601.823716,0.661,0.409
1788210601.831073,1788210601.832067,0.994,0.024
1788210601.833083,1788210601.839305,6.222,6.191
1788210601.840297,1788210601.848299,8.002,7.304
1788210601.849297,1788210601.856436,7.139,6.437
1788210601.857298,1788210601.863439,6.142,6.519
1788210601.864756,1788210601.871885,7.129,6.445
1788210601.878752,1788210601.878752,0.000,0.371
1788210601.882617,1788210601.887740,5.123,5.340
